1
100.0 0
100.0 1000
100.0 2000
100.0 3000
100.0 4000
100.0 4108
1000.0 4578
100.0 5578
100.0 6578
100.0 7578
100.0 8578
100.0 9578
100.0 10578
100.0 11578
100.0 12578
100.0 13578
100.0 14578
100.0 15578
100.0 16578
100.0 17578
100.0 18578
100.0 19578
100.0 20578
100.0 21578
100.0 22578
100.0 23578
100.0 24140
1000.0 25140
1000.0 26140
1000.0 27140
1000.0 28140
1000.0 29140
1000.0 30140
1000.0 31140
1000.0 31172
100.0 32172
100.0 33172
100.0 34172
100.0 35172
100.0 36172
100.0 37172
100.0 38172
100.0 38831
1000.0 39831
1000.0 40831
1000.0 40903
100.0 41903
100.0 42903
100.0 43903
100.0 44903
100.0 45903
100.0 46903
100.0 47903
100.0 48903
100.0 49903
100.0 50903
100.0 51903
100.0 52903
100.0 53903
100.0 54903
100.0 55903
100.0 56903
100.0 57903
100.0 58903
100.0 59903
100.0 60903
100.0 61903
100.0 62903
100.0 63903
100.0 64903
100.0 65903
100.0 66903
100.0 67903
100.0 68903
100.0 69903
100.0 70903
100.0 71903
100.0 72155
1000.0 73155
1000.0 74155
1000.0 75155
1000.0 76155
1000.0 77155
1000.0 78155
1000.0 79155
1000.0 80155
1000.0 81155
1000.0 81323
100.0 82323
100.0 83323
100.0 84323
100.0 85323
100.0 86323
100.0 87323
100.0 88323
100.0 89323
100.0 90323
100.0 91323
100.0 92323
100.0 93323
100.0 94323
100.0 95323
100.0 96323
100.0 97323
100.0 98323
100.0 99323
100.0 100323
100.0 101037
1000.0 102037
1000.0 103037
1000.0 104037
1000.0 105037
1000.0 106037
1000.0 107037
1000.0 108037
1000.0 109037
1000.0 110037
1000.0 111037
1000.0 112037
1000.0 113037
1000.0 114037
1000.0 115037
1000.0 116037
1000.0 117037
1000.0 118037
1000.0 119037
1000.0 120037
1000.0 121037
1000.0 122037
1000.0 123037
1000.0 124037
1000.0 125037
1000.0 126037
1000.0 127037
1000.0 128037
1000.0 129037
1000.0 130037
1000.0 131037
1000.0 132037
1000.0 133037
1000.0 133972
100.0 134972
100.0 135972
100.0 136972
100.0 137972
100.0 138972
100.0 139972
100.0 140972
100.0 141972
100.0 142972
100.0 143972
100.0 144972
100.0 144994
1000.0 145994
1000.0 146994
1000.0 147994
1000.0 148107
100.0 149107
100.0 150107
100.0 151107
100.0 152107
100.0 153107
100.0 154107
100.0 155107
100.0 155362
1000.0 156362
1000.0 157362
1000.0 158362
1000.0 159362
1000.0 160362
1000.0 160569
100.0 161569
100.0 162569
100.0 163569
100.0 164569
100.0 165569
100.0 166569
100.0 167427
1000.0 168427
1000.0 169069
100.0 170069
100.0 171069
100.0 172069
100.0 173069
100.0 174069
100.0 175069
100.0 176069
100.0 177069
100.0 177922
1000.0 178922
1000.0 179922
1000.0 180197
100.0 181197
100.0 182197
100.0 183197
100.0 184197
100.0 185197
100.0 186027
1000.0 187027
1000.0 188027
1000.0 189027
1000.0 190027
1000.0 191027
1000.0 191531
100.0 192531
100.0 193223
1000.0 194223
1000.0 195223
1000.0 196223
1000.0 197223
1000.0 198223
1000.0 199223
1000.0 200223
1000.0 201223
1000.0 202223
1000.0 203223
1000.0 203729
100.0 204729
100.0 205729
100.0 206729
100.0 207729
100.0 208729
100.0 209729
100.0 210729
100.0 211729
100.0 211830
1000.0 212830
1000.0 213830
1000.0 214830
1000.0 215830
1000.0 216830
1000.0 217830
1000.0 218830
1000.0 219830
1000.0 220830
1000.0 221830
1000.0 222830
1000.0 223830
1000.0 224830
1000.0 225830
1000.0 226830
1000.0 227830
1000.0 228830
1000.0 229830
1000.0 230240
100.0 231240
100.0 232240
100.0 233240
100.0 234240
100.0 235240
100.0 235499
1000.0 235591
100.0 236591
100.0 237591
100.0 238591
100.0 239591
100.0 240591
100.0 241591
100.0 242591
100.0 243591
100.0 243955
1000.0 244955
1000.0 245955
1000.0 246955
1000.0 247955
1000.0 248955
1000.0 249322
100.0 250322
100.0 251322
100.0 252322
100.0 253322
100.0 254322
100.0 255322
100.0 256322
100.0 257322
100.0 258322
100.0 259322
100.0 260322
100.0 261322
100.0 262322
100.0 262556
1000.0 263556
1000.0 264556
1000.0 265556
1000.0 266556
1000.0 267556
1000.0 268556
1000.0 269556
1000.0 270556
1000.0 271556
1000.0 272556
1000.0 273556
1000.0 274556
1000.0 275556
1000.0 276556
1000.0 277556
1000.0 278556
1000.0 279316
100.0 280316
100.0 281316
100.0 282316
100.0 283316
100.0 284316
100.0 285316
100.0 285342
1000.0 286342
1000.0 287342
1000.0 288342
1000.0 289342
1000.0 290342
1000.0 291342
1000.0 292342
1000.0 293342
1000.0 294342
1000.0 295342
1000.0 296342
1000.0 297342
1000.0 298024
100.0 299024
100.0 299968
1000.0 300968
1000.0 301968
1000.0 302968
1000.0 303378
100.0 304378
100.0 305378
100.0 306378
100.0 307194
1000.0 308194
1000.0 309194
1000.0 310194
1000.0 311194
1000.0 312194
1000.0 313194
1000.0 314194
1000.0 315194
1000.0 316194
1000.0 317194
1000.0 318194
1000.0 319194
1000.0 320194
1000.0 320253
100.0 321253
100.0 322253
100.0 323253
100.0 324142
1000.0 325142
1000.0 326142
1000.0 327142
1000.0 328142
1000.0 328637
100.0 329637
100.0 330637
100.0 331637
100.0 332410
1000.0 333410
1000.0 334410
1000.0 335410
1000.0 336410
1000.0 337410
1000.0 338410
1000.0 339410
1000.0 340410
1000.0 341410
1000.0 342410
1000.0 343410
1000.0 344410
1000.0 345410
1000.0 346410
1000.0 347410
1000.0 348410
1000.0 349410
1000.0 350410
1000.0 351410
1000.0 352410
1000.0 353410
1000.0 354410
1000.0 355244
100.0 355679
1000.0 356679
1000.0 357679
1000.0 358679
1000.0 359679
1000.0 360293
100.0 361293
100.0 362293
100.0 363293
100.0 363378
1000.0 364378
1000.0 365378
1000.0 366378
1000.0 367378
1000.0 368378
1000.0 369378
1000.0 370378
1000.0 371378
1000.0 372378
1000.0 373378
1000.0 374378
1000.0 375378
1000.0 376378
1000.0 377378
1000.0 377853
100.0 378853
100.0 379641
1000.0 380641
1000.0 381641
1000.0 382641
1000.0 383641
1000.0 384641
1000.0 385641
1000.0 386390
100.0 387390
100.0 388390
100.0 389390
100.0 390390
100.0 391390
100.0 392149
1000.0 393149
1000.0 394149
1000.0 395149
1000.0 396149
1000.0 397149
1000.0 398149
1000.0 399149
1000.0 400149
1000.0 401149
1000.0 402149
1000.0 403149
1000.0 404149
1000.0 405149
1000.0 406149
1000.0 407149
1000.0 408149
1000.0 409149
1000.0 410149
1000.0 411149
1000.0 412149
1000.0 413149
1000.0 414149
1000.0 415149
1000.0 416149
1000.0 417149
1000.0 417259
100.0 418259
100.0 419259
100.0 420259
100.0 421259
100.0 422259
100.0 423259
100.0 424259
100.0 425259
100.0 426259
100.0 426570
1000.0 427570
1000.0 428570
1000.0 429570
1000.0 430570
1000.0 431570
1000.0 432570
1000.0 433570
1000.0 434570
1000.0 435570
1000.0 436570
1000.0 437570
1000.0 438570
1000.0 439570
1000.0 440570
1000.0 441570
1000.0 442570
1000.0 443570
1000.0 444570
1000.0 445570
1000.0 446570
1000.0 447570
1000.0 447980
100.0 448980
100.0 449980
100.0 450980
100.0 451626
1000.0 452626
1000.0 453626
1000.0 454626
1000.0 455626
1000.0 456345
100.0 456803
1000.0 457803
1000.0 458803
1000.0 459803
1000.0 460803
1000.0 461803
1000.0 462803
1000.0 463803
1000.0 464803
1000.0 465803
1000.0 466803
1000.0 467803
1000.0 468803
1000.0 469803
1000.0 470803
1000.0 471803
1000.0 472803
1000.0 473803
1000.0 474803
1000.0 475803
1000.0 476803
1000.0 477803
1000.0 478803
1000.0 479803
1000.0 480803
1000.0 481803
1000.0 482803
1000.0 483803
1000.0 484803
1000.0 485803
1000.0 486803
1000.0 487803
1000.0 488803
1000.0 489803
1000.0 490803
1000.0 491803
1000.0 492803
1000.0 493803
1000.0 494803
1000.0 495803
1000.0 496803
1000.0 497803
1000.0 498803
1000.0 499803
1000.0 500803
1000.0 501803
1000.0 502451
100.0 503451
100.0 504451
100.0 505451
100.0 506451
100.0 507451
100.0 508451
100.0 509451
100.0 510451
100.0 511451
100.0 512451
100.0 513451
100.0 514451
100.0 515451
100.0 516451
100.0 517451
100.0 518451
100.0 519451
100.0 520451
100.0 521451
100.0 522451
100.0 523451
100.0 524451
100.0 525451
100.0 526451
100.0 527451
100.0 527998
1000.0 528998
1000.0 529998
1000.0 530998
1000.0 531998
1000.0 532998
1000.0 533998
1000.0 534998
1000.0 535998
1000.0 536998
1000.0 537998
1000.0 538998
1000.0 539998
1000.0 540998
1000.0 541998
1000.0 542998
1000.0 543998
1000.0 544998
1000.0 545998
1000.0 546998
1000.0 547998
1000.0 548998
1000.0 549998
1000.0 550998
1000.0 551998
1000.0 552998
1000.0 553998
1000.0 554998
1000.0 555998
1000.0 556998
1000.0 557998
1000.0 558998
1000.0 559998
1000.0 560998
1000.0 561998
1000.0 562998
1000.0 563998
1000.0 564998
1000.0 565998
1000.0 566998
1000.0 567998
1000.0 568998
1000.0 569998
1000.0 570998
1000.0 571998
1000.0 572998
1000.0 573998
1000.0 574998
1000.0 575998
1000.0 576998
1000.0 577998
1000.0 578998
1000.0 579998
1000.0 580998
1000.0 581998
1000.0 582998
1000.0 583998
1000.0 584998
1000.0 585998
1000.0 586998
1000.0 587998
1000.0 588998
1000.0 589998
1000.0 590998
1000.0 591998
1000.0 592998
1000.0 593998
1000.0 594998
1000.0 595998
1000.0 596998
1000.0 597998
1000.0 598940
100.0 599940
100.0 600940
100.0 601940
100.0 602702
1000.0 603702
1000.0 604702
1000.0 605702
1000.0 606702
1000.0 607702
1000.0 608702
1000.0 609702
1000.0 610702
1000.0 611702
1000.0 612702
1000.0 613702
1000.0 614702
1000.0 615059
100.0 616059
100.0 617059
100.0 618059
100.0 618823
1000.0 619823
1000.0 620823
1000.0 621823
1000.0 622823
1000.0 623823
1000.0 624823
1000.0 625823
1000.0 626823
1000.0 627823
1000.0 628823
1000.0 629823
1000.0 630823
1000.0 631358
100.0 632358
100.0 633358
100.0 634358
100.0 635358
100.0 636358
100.0 637358
100.0 638358
100.0 639358
100.0 640358
100.0 641358
100.0 642358
100.0 643358
100.0 644358
100.0 645358
100.0 646358
100.0 647358
100.0 648071
1000.0 649071
1000.0 650071
1000.0 651071
1000.0 652071
1000.0 653071
1000.0 654071
1000.0 655071
1000.0 656071
1000.0 657071
1000.0 658071
1000.0 659071
1000.0 660071
1000.0 661071
1000.0 662071
1000.0 662751
100.0 663751
100.0 664751
100.0 665751
100.0 666751
100.0 667751
100.0 668751
100.0 669751
100.0 670531
1000.0 671531
1000.0 672531
1000.0 673531
1000.0 674531
1000.0 675531
1000.0 676531
1000.0 677531
1000.0 678531
1000.0 679531
1000.0 680531
1000.0 681531
1000.0 682531
1000.0 683531
1000.0 684531
1000.0 685531
1000.0 686531
1000.0 687531
1000.0 688531
1000.0 689187
100.0 690187
100.0 690656
1000.0 691656
1000.0 692656
1000.0 693656
1000.0 694233
100.0 695233
100.0 696233
100.0 697233
100.0 697575
1000.0 698575
1000.0 699575
1000.0 700575
1000.0 701575
1000.0 702575
1000.0 703575
1000.0 704575
1000.0 705575
1000.0 706575
1000.0 707575
1000.0 708575
1000.0 708965
100.0 709965
100.0 710965
100.0 711965
100.0 712965
100.0 713733
1000.0 713818
100.0 714818
100.0 715818
100.0 716818
100.0 717083
1000.0 718083
1000.0 719083
1000.0 720083
1000.0 721083
1000.0 722083
1000.0 723083
1000.0 724083
1000.0 725083
1000.0 726083
1000.0 727083
1000.0 728083
1000.0 729083
1000.0 730083
1000.0 731083
1000.0 732083
1000.0 733083
1000.0 734083
1000.0 735083
1000.0 736083
1000.0 737083
1000.0 738083
1000.0 738216
100.0 739216
100.0 740216
100.0 740794
1000.0 741794
1000.0 742794
1000.0 743794
1000.0 744794
1000.0 745794
1000.0 746794
1000.0 747794
1000.0 748794
1000.0 749794
1000.0 750794
1000.0 751794
1000.0 752794
1000.0 753794
1000.0 754794
1000.0 755794
1000.0 756794
1000.0 757794
1000.0 758794
1000.0 759794
1000.0 760794
1000.0 761794
1000.0 762794
1000.0 763794
1000.0 764794
1000.0 765794
1000.0 766794
1000.0 767794
1000.0 768794
1000.0 769794
1000.0 770794
1000.0 771794
1000.0 772794
1000.0 773794
1000.0 774794
1000.0 775794
1000.0 776740
100.0 777736
1000.0 778736
1000.0 779736
1000.0 780736
1000.0 781736
1000.0 782736
1000.0 783736
1000.0 784736
1000.0 785736
1000.0 786736
1000.0 787736
1000.0 788736
1000.0 789736
1000.0 790736
1000.0 791736
1000.0 792685
100.0 793685
100.0 794685
100.0 795685
100.0 796685
100.0 797685
100.0 798685
100.0 799685
100.0 800685
100.0 801685
100.0 802685
100.0 803685
100.0 804466
1000.0 805466
1000.0 806466
1000.0 807466
1000.0 808466
1000.0 809466
1000.0 810466
1000.0 811466
1000.0 812466
1000.0 813466
1000.0 814139
100.0 815139
100.0 816139
100.0 816788
1000.0 817788
1000.0 818788
1000.0 819788
1000.0 820788
1000.0 821788
1000.0 822788
1000.0 823788
1000.0 824788
1000.0 825788
1000.0 826788
1000.0 827788
1000.0 828788
1000.0 829788
1000.0 830788
1000.0 831788
1000.0 832788
1000.0 833788
1000.0 834788
1000.0 835788
1000.0 836053
100.0 837053
100.0 838053
100.0 839053
100.0 840053
100.0 841053
100.0 842053
100.0 842719
1000.0 843719
1000.0 844719
1000.0 845719
1000.0 846719
1000.0 847719
1000.0 848719
1000.0 849719
1000.0 850719
1000.0 851719
1000.0 852719
1000.0 853719
1000.0 854719
1000.0 855719
1000.0 856719
1000.0 857719
1000.0 858719
1000.0 859719
1000.0 860719
1000.0 861719
1000.0 862719
1000.0 863719
1000.0 864719
1000.0 865719
1000.0 866719
1000.0 867719
1000.0 868719
1000.0 869719
1000.0 870719
1000.0 871719
1000.0 872237
100.0 873237
100.0 874237
100.0 875237
100.0 876237
100.0 877237
100.0 878237
100.0 879237
100.0 880237
100.0 881237
100.0 882237
100.0 883237
100.0 884237
100.0 884469
1000.0 885469
1000.0 885501
100.0 886501
100.0 887501
100.0 888501
100.0 889501
100.0 889905
1000.0 890905
1000.0 891671
100.0 892671
100.0 893671
100.0 894671
100.0 895671
100.0 896671
100.0 897671
100.0 898671
100.0 899671
100.0 900671
100.0 901477
1000.0 902477
1000.0 903477
1000.0 904477
1000.0 905477
1000.0 906477
1000.0 907477
1000.0 908477
1000.0 909477
1000.0 910477
1000.0 911477
1000.0 912477
1000.0 913477
1000.0 914477
1000.0 915477
1000.0 916477
1000.0 916501
100.0 917501
100.0 918501
100.0 919501
100.0 920501
100.0 921501
100.0 922501
100.0 923501
100.0 924501
100.0 925501
100.0 926501
100.0 927501
100.0 928501
100.0 929501
100.0 930501
100.0 930839
1000.0 931839
1000.0 932839
1000.0 933839
1000.0 934839
1000.0 935839
1000.0 936839
1000.0 937839
1000.0 938839
1000.0 939839
1000.0 940839
1000.0 941839
1000.0 942839
1000.0 943839
1000.0 944839
1000.0 945839
1000.0 946839
1000.0 947839
1000.0 948839
1000.0 949839
1000.0 950839
1000.0 951839
1000.0 952839
1000.0 953839
1000.0 954839
1000.0 955839
1000.0 956839
1000.0 957839
1000.0 958839
1000.0 959839
1000.0 960443
100.0 961443
100.0 962443
100.0 963443
100.0 964443
100.0 965443
100.0 966198
1000.0 966377
100.0 967377
100.0 967549
1000.0 968549
1000.0 969549
1000.0 970549
1000.0 971549
1000.0 972549
1000.0 973549
1000.0 974549
1000.0 975549
1000.0 976549
1000.0 977549
1000.0 978549
1000.0 979549
1000.0 980549
1000.0 981549
1000.0 982549
1000.0 983549
1000.0 984549
1000.0 985549
1000.0 986549
1000.0 987549
1000.0 987571
100.0 988571
100.0 989571
100.0 990571
100.0 991571
100.0 991970
1000.0 992970
1000.0 993970
1000.0 994970
1000.0 995970
1000.0 996970
1000.0 997794
100.0 998794
100.0 999794
100.0 1000794
100.0 1001794
100.0 1002794
100.0 1003794
100.0 1004794
100.0 1005794
100.0 1006794
100.0 1007794
100.0 1008794
100.0 1009794
100.0 1010794
100.0 1011794
100.0 1012794
100.0 1013591
1000.0 1014591
1000.0 1015591
1000.0 1016591
1000.0 1017591
1000.0 1018591
1000.0 1019591
1000.0 1020546
100.0 1021189
1000.0 1022189
1000.0 1023189
1000.0 1024189
1000.0 1025189
1000.0 1026189
1000.0 1027189
1000.0 1028189
1000.0 1029189
1000.0 1030189
1000.0 1031189
1000.0 1031250
100.0 1032250
100.0 1033250
100.0 1034250
100.0 1035250
100.0 1036250
100.0 1037250
100.0 1038250
100.0 1039250
100.0 1040250
100.0 1041250
100.0 1042250
100.0 1043250
100.0 1044250
100.0 1045250
100.0 1046250
100.0 1047250
100.0 1048250
100.0 1049250
100.0 1050250
100.0 1051250
100.0 1052250
100.0 1053250
100.0 1054250
100.0 1054721
1000.0 1055721
1000.0 1056721
1000.0 1057721
1000.0 1058721
1000.0 1059721
1000.0 1060721
1000.0 1061721
1000.0 1062721
1000.0 1063721
1000.0 1064721
1000.0 1065721
1000.0 1066721
1000.0 1067721
1000.0 1068721
1000.0 1069386
100.0 1070386
100.0 1071386
100.0 1072386
100.0 1073386
100.0 1074386
100.0 1075386
100.0 1075600
1000.0 1076600
1000.0 1077600
1000.0 1078600
1000.0 1079600
1000.0 1080600
1000.0 1081600
1000.0 1082600
1000.0 1083600
1000.0 1084600
1000.0 1085600
1000.0 1086600
1000.0 1087600
1000.0 1088600
1000.0 1089600
1000.0 1090600
1000.0 1091600
1000.0 1092600
1000.0 1093600
1000.0 1094600
1000.0 1095600
1000.0 1096600
1000.0 1097600
1000.0 1098600
1000.0 1099600
1000.0 1100600
1000.0 1101600
1000.0 1102600
1000.0 1103600
1000.0 1104600
1000.0 1105600
1000.0 1105837
100.0 1106837
100.0 1107837
100.0 1108837
100.0 1109837
100.0 1110837
100.0 1111837
100.0 1112636
1000.0 1113636
1000.0 1114636
1000.0 1115636
1000.0 1116636
1000.0 1117636
1000.0 1118636
1000.0 1119636
1000.0 1120636
1000.0 1121636
1000.0 1122636
1000.0 1123636
1000.0 1124590
100.0 1125590
100.0 1126590
100.0 1127590
100.0 1128590
100.0 1128792
1000.0 1129792
1000.0 1130792
1000.0 1131792
1000.0 1132792
1000.0 1133792
1000.0 1134792
1000.0 1135792
1000.0 1136792
1000.0 1137792
1000.0 1138792
1000.0 1139792
1000.0 1140007
100.0 1140902
1000.0 1141902
1000.0 1142902
1000.0 1143902
1000.0 1144902
1000.0 1145902
1000.0 1146796
100.0 1147796
100.0 1148796
100.0 1149577
1000.0 1150577
1000.0 1151577
1000.0 1152577
1000.0 1153577
1000.0 1154577
1000.0 1155577
1000.0 1156577
1000.0 1157577
1000.0 1158577
1000.0 1158790
100.0 1159790
100.0 1160790
100.0 1161790
100.0 1162790
100.0 1163790
100.0 1164790
100.0 1164910
1000.0 1165910
1000.0 1166910
1000.0 1167910
1000.0 1168910
1000.0 1169910
1000.0 1170910
1000.0 1171910
1000.0 1172910
1000.0 1173910
1000.0 1174910
1000.0 1175910
1000.0 1176910
1000.0 1177910
1000.0 1178910
1000.0 1179910
1000.0 1180910
1000.0 1181910
1000.0 1182910
1000.0 1183910
1000.0 1184910
1000.0 1185910
1000.0 1186910
1000.0 1187910
1000.0 1188910
1000.0 1189910
1000.0 1190910
1000.0 1191910
1000.0 1192910
1000.0 1193910
1000.0 1194910
1000.0 1195910
1000.0 1196910
1000.0 1197910
1000.0 1198910
1000.0 1199910
1000.0 1200910
1000.0 1201910
1000.0 1202910
1000.0 1203910
1000.0 1204910
1000.0 1205910
1000.0 1206613
100.0 1207613
100.0 1208613
100.0 1209613
100.0 1210613
100.0 1211613
100.0 1212613
100.0 1213613
100.0 1214613
100.0 1215613
100.0 1215811
1000.0 1216811
1000.0 1217811
1000.0 1218811
1000.0 1219811
1000.0 1220811
1000.0 1221811
1000.0 1222811
1000.0 1223811
1000.0 1224811
1000.0 1225811
1000.0 1226811
1000.0 1227811
1000.0 1228336
100.0 1229336
100.0 1230336
100.0 1231336
100.0 1231442
1000.0 1232442
1000.0 1233442
1000.0 1234442
1000.0 1235442
1000.0 1236442
1000.0 1237442
1000.0 1238021
100.0 1239021
100.0 1240021
100.0 1241021
100.0 1242021
100.0 1243021
100.0 1243151
1000.0 1244151
1000.0 1245151
1000.0 1246151
1000.0 1247151
1000.0 1248151
1000.0 1248907
100.0 1249907
100.0 1250907
100.0 1251907
100.0 1252907
100.0 1253690
1000.0 1254690
1000.0 1255690
1000.0 1256690
1000.0 1257690
1000.0 1258690
1000.0 1259690
1000.0 1260690
1000.0 1261690
1000.0 1262690
1000.0 1263690
1000.0 1264690
1000.0 1265690
1000.0 1266690
1000.0 1267690
1000.0 1268690
1000.0 1269690
1000.0 1270690
1000.0 1271438
100.0 1272438
100.0 1273438
100.0 1274438
100.0 1275438
100.0 1276438
100.0 1277438
100.0 1278398
1000.0 1279398
1000.0 1280398
1000.0 1281398
1000.0 1282398
1000.0 1283398
1000.0 1284398
1000.0 1285398
1000.0 1286398
1000.0 1287398
1000.0 1288398
1000.0 1289398
1000.0 1290398
1000.0 1291398
1000.0 1291821
100.0 1292821
100.0 1292951
1000.0 1293951
1000.0 1294951
1000.0 1295818
100.0 1295888
1000.0 1296888
1000.0 1297888
1000.0 1298888
1000.0 1299888
1000.0 1300888
1000.0 1301888
1000.0 1302888
1000.0 1303888
1000.0 1304888
1000.0 1305888
1000.0 1306888
1000.0 1307568
100.0 1308568
100.0 1309568
100.0 1310568
100.0 1311568
100.0 1312568
100.0 1313568
100.0 1314568
100.0 1315568
100.0 1316568
100.0 1317568
100.0 1318568
100.0 1318895
1000.0 1319895
1000.0 1320895
1000.0 1321895
1000.0 1322895
1000.0 1323895
1000.0 1324895
1000.0 1325895
1000.0 1326895
1000.0 1327895
1000.0 1328895
1000.0 1329895
1000.0 1330895
1000.0 1331895
1000.0 1332895
1000.0 1333895
1000.0 1334895
1000.0 1335895
1000.0 1336895
1000.0 1337895
1000.0 1338895
1000.0 1339895
1000.0 1340754
100.0 1341754
100.0 1342754
100.0 1343754
100.0 1344033
1000.0 1345033
1000.0 1346033
1000.0 1347033
1000.0 1348033
1000.0 1349033
1000.0 1349888
100.0 1350888
100.0 1351888
100.0 1352888
100.0 1353691
1000.0 1354691
1000.0 1355691
1000.0 1356691
1000.0 1357691
1000.0 1357769
100.0 1358769
100.0 1359769
100.0 1360769
100.0 1361705
1000.0 1362705
1000.0 1363645
100.0 1364645
100.0 1365645
100.0 1366645
100.0 1367382
1000.0 1368382
1000.0 1369382
1000.0 1370382
1000.0 1370567
100.0 1371118
1000.0 1372118
1000.0 1373118
1000.0 1374118
1000.0 1375118
1000.0 1376118
1000.0 1376461
100.0 1377461
100.0 1378461
100.0 1379461
100.0 1379931
1000.0 1380931
1000.0 1381931
1000.0 1382931
1000.0 1383931
1000.0 1384931
1000.0 1385931
1000.0 1386444
100.0 1387444
100.0 1388444
100.0 1389444
100.0 1390444
100.0 1391444
100.0 1392444
100.0 1393444
100.0 1393943
1000.0 1394943
1000.0 1395943
1000.0 1396943
1000.0 1397943
1000.0 1398943
1000.0 1399943
1000.0 1400311
100.0 1400594
1000.0 1401594
1000.0 1402594
1000.0 1403594
1000.0 1404594
1000.0 1405594
1000.0 1406594
1000.0 1407594
1000.0 1408594
1000.0 1409175
100.0 1410175
100.0 1411175
100.0 1412175
100.0 1413175
100.0 1414175
100.0 1415175
100.0 1416175
100.0 1417175
100.0 1418175
100.0 1419165
1000.0 1420165
1000.0 1421165
1000.0 1422165
1000.0 1423165
1000.0 1424165
1000.0 1425165
1000.0 1426165
1000.0 1427165
1000.0 1428165
1000.0 1429165
1000.0 1430165
1000.0 1431165
1000.0 1432165
1000.0 1433165
1000.0 1434165
1000.0 1435165
1000.0 1436165
1000.0 1437165
1000.0 1438165
1000.0 1439165
1000.0 1440165
1000.0 1441165
1000.0 1442165
1000.0 1443165
1000.0 1444165
1000.0 1445165
1000.0 1446165
1000.0 1447165
1000.0 1448165
1000.0 1449165
1000.0 1450165
1000.0 1451165
1000.0 1452165
1000.0 1453165
1000.0 1454165
1000.0 1454524
100.0 1455524
100.0 1456524
100.0 1457524
100.0 1458524
100.0 1459524
100.0 1460524
100.0 1461524
100.0 1462524
100.0 1463524
100.0 1464524
100.0 1465524
100.0 1466524
100.0 1466842
1000.0 1467842
1000.0 1468842
1000.0 1469842
1000.0 1470842
1000.0 1471842
1000.0 1472842
1000.0 1473842
1000.0 1474842
1000.0 1475842
1000.0 1476842
1000.0 1477491
100.0 1478491
100.0 1479199
1000.0 1480199
1000.0 1481199
1000.0 1482199
1000.0 1483199
1000.0 1484199
1000.0 1485199
1000.0 1486199
1000.0 1487199
1000.0 1488199
1000.0 1489199
1000.0 1489600
100.0 1490600
100.0 1491600
100.0 1492600
100.0 1493600
100.0 1494600
100.0 1495600
100.0 1496600
100.0 1497600
100.0 1498600
100.0 1499600
100.0 1500600
100.0 1501600
100.0 1502549
1000.0 1503549
1000.0 1504549
1000.0 1505549
1000.0 1506549
1000.0 1507549
1000.0 1508549
1000.0 1509549
1000.0 1510549
1000.0 1511549
1000.0 1512549
1000.0 1513549
1000.0 1514549
1000.0 1515549
1000.0 1516549
1000.0 1517549
1000.0 1518549
1000.0 1519549
1000.0 1520549
1000.0 1521549
1000.0 1522233
100.0 1523233
100.0 1524233
100.0 1525233
100.0 1526233
100.0 1526422
1000.0 1527422
1000.0 1528422
1000.0 1529422
1000.0 1530422
1000.0 1531422
1000.0 1532422
1000.0 1533422
1000.0 1534422
1000.0 1535422
1000.0 1536422
1000.0 1537422
1000.0 1537944
100.0 1538944
100.0 1539944
100.0 1540944
100.0 1541944
100.0 1542944
100.0 1543944
100.0 1544944
100.0 1545944
100.0 1546944
100.0 1547944
100.0 1548599
1000.0 1549599
1000.0 1550599
1000.0 1551599
1000.0 1552599
1000.0 1553599
1000.0 1554599
1000.0 1555599
1000.0 1556599
1000.0 1557599
1000.0 1558599
1000.0 1559599
1000.0 1560599
1000.0 1561599
1000.0 1562599
1000.0 1563599
1000.0 1564599
1000.0 1565599
1000.0 1566599
1000.0 1567599
1000.0 1568599
1000.0 1569599
1000.0 1570599
1000.0 1571599
1000.0 1572599
1000.0 1573599
1000.0 1574599
1000.0 1575599
1000.0 1576599
1000.0 1577599
1000.0 1578599
1000.0 1579599
1000.0 1580599
1000.0 1581345
100.0 1582345
100.0 1583345
100.0 1584345
100.0 1585342
1000.0 1586342
1000.0 1587342
1000.0 1588342
1000.0 1589342
1000.0 1590342
1000.0 1591342
1000.0 1592342
1000.0 1593342
1000.0 1594172
100.0 1595172
100.0 1595531
1000.0 1596531
1000.0 1597531
1000.0 1598531
1000.0 1599531
1000.0 1600531
1000.0 1601531
1000.0 1602531
1000.0 1603531
1000.0 1603997
100.0 1604997
100.0 1605997
100.0 1606192
1000.0 1607192
1000.0 1608192
1000.0 1609192
1000.0 1610192
1000.0 1611192
1000.0 1612192
1000.0 1613192
1000.0 1614192
1000.0 1615192
1000.0 1616192
1000.0 1617192
1000.0 1617224
100.0 1618224
100.0 1619224
100.0 1620224
100.0 1621224
100.0 1622155
1000.0 1623155
1000.0 1624155
1000.0 1625155
1000.0 1626155
1000.0 1627155
1000.0 1628155
1000.0 1629155
1000.0 1630155
1000.0 1631155
1000.0 1632155
1000.0 1633155
1000.0 1634155
1000.0 1635155
1000.0 1636155
1000.0 1637155
1000.0 1638155
1000.0 1639155
1000.0 1640155
1000.0 1641155
1000.0 1642155
1000.0 1643155
1000.0 1644155
1000.0 1645155
1000.0 1645510
100.0 1646510
100.0 1647510
100.0 1648510
100.0 1649510
100.0 1650510
100.0 1651510
100.0 1652510
100.0 1653510
100.0 1654510
100.0 1655510
100.0 1656292
1000.0 1657292
1000.0 1658292
1000.0 1659292
1000.0 1660292
1000.0 1661292
1000.0 1662292
1000.0 1663292
1000.0 1664292
1000.0 1665292
1000.0 1665493
100.0 1666493
100.0 1667493
100.0 1668493
100.0 1669493
100.0 1670493
100.0 1671493
100.0 1672493
100.0 1673493
100.0 1674493
100.0 1675493
100.0 1676493
100.0 1677493
100.0 1678493
100.0 1679493
100.0 1680458
1000.0 1681407
100.0 1682407
100.0 1683407
100.0 1683965
1000.0 1684965
1000.0 1685965
1000.0 1686965
1000.0 1687965
1000.0 1688965
1000.0 1689965
1000.0 1690965
1000.0 1691965
1000.0 1692742
100.0 1693742
100.0 1694742
100.0 1695230
1000.0 1696230
1000.0 1697230
1000.0 1698230
1000.0 1699230
1000.0 1700230
1000.0 1701230
1000.0 1702230
1000.0 1703230
1000.0 1704230
1000.0 1705230
1000.0 1706230
1000.0 1707230
1000.0 1708230
1000.0 1709230
1000.0 1710230
1000.0 1711230
1000.0 1712230
1000.0 1712324
100.0 1713324
100.0 1713405
1000.0 1714405
1000.0 1715405
1000.0 1716405
1000.0 1717405
1000.0 1718405
1000.0 1719405
1000.0 1720405
1000.0 1721405
1000.0 1722405
1000.0 1723405
1000.0 1724405
1000.0 1725405
1000.0 1726405
1000.0 1727405
1000.0 1728405
1000.0 1728880
100.0 1729880
100.0 1730571
1000.0 1731571
1000.0 1732571
1000.0 1733571
1000.0 1734571
1000.0 1735571
1000.0 1736571
1000.0 1737571
1000.0 1738571
1000.0 1739571
1000.0 1740571
1000.0 1741571
1000.0 1742571
1000.0 1743571
1000.0 1743839
100.0 1744839
100.0 1745839
100.0 1746839
100.0 1747839
100.0 1748839
100.0 1749839
100.0 1750507
1000.0 1750866
100.0 1751866
100.0 1752866
100.0 1753866
100.0 1753903
1000.0 1754903
1000.0 1755903
1000.0 1756903
1000.0 1757903
1000.0 1758903
1000.0 1759903
1000.0 1760903
1000.0 1761903
1000.0 1762903
1000.0 1763903
1000.0 1764903
1000.0 1765490
100.0 1766490
100.0 1767490
100.0 1768490
100.0 1769490
100.0 1770490
100.0 1771490
100.0 1772490
100.0 1773490
100.0 1774115
1000.0 1775115
1000.0 1776115
1000.0 1777115
1000.0 1778115
1000.0 1779115
1000.0 1780115
1000.0 1781115
1000.0 1782115
1000.0 1783115
1000.0 1784115
1000.0 1785115
1000.0 1785891
100.0 1786891
100.0 1787891
100.0 1788891
100.0 1789250
1000.0 1790250
1000.0 1791082
100.0 1792082
100.0 1793082
100.0 1794082
100.0 1795082
100.0 1796082
100.0 1797082
100.0 1798082
100.0 1799082
100.0 1800082
100.0 1801082
100.0 1802082
100.0 1802719
1000.0 1803719
1000.0 1804719
1000.0 1805719
1000.0 1806719
1000.0 1807719
1000.0 1808719
1000.0 1809719
1000.0 1810719
1000.0 1811719
1000.0 1812719
1000.0 1813719
1000.0 1814719
1000.0 1815719
1000.0 1816719
1000.0 1817719
1000.0 1818719
1000.0 1819308
100.0 1820308
100.0 1821308
100.0 1822308
100.0 1823308
100.0 1824308
100.0 1825308
100.0 1826308
100.0 1827308
100.0 1828308
100.0 1829308
100.0 1830308
100.0 1831308
100.0 1832170
1000.0 1833170
1000.0 1834170
1000.0 1835170
1000.0 1835666
100.0 1836666
100.0 1837666
100.0 1838666
100.0 1839666
100.0 1840666
100.0 1841666
100.0 1842666
100.0 1843387
1000.0 1844387
1000.0 1845387
1000.0 1846387
1000.0 1847387
1000.0 1848387
1000.0 1849387
1000.0 1850387
1000.0 1851387
1000.0 1852387
1000.0 1853387
1000.0 1854387
1000.0 1855387
1000.0 1856387
1000.0 1857387
1000.0 1858387
1000.0 1859387
1000.0 1860387
1000.0 1861387
1000.0 1862387
1000.0 1863387
1000.0 1864387
1000.0 1865387
1000.0 1866387
1000.0 1867387
1000.0 1868387
1000.0 1869387
1000.0 1870387
1000.0 1871387
1000.0 1872387
1000.0 1873387
1000.0 1874183
100.0 1875183
100.0 1876183
100.0 1877183
100.0 1877649
1000.0 1878649
1000.0 1879649
1000.0 1880649
1000.0 1881649
1000.0 1882649
1000.0 1883649
1000.0 1884649
1000.0 1885649
1000.0 1886649
1000.0 1887649
1000.0 1888649
1000.0 1889649
1000.0 1890649
1000.0 1891649
1000.0 1892649
1000.0 1893649
1000.0 1894649
1000.0 1895649
1000.0 1896649
1000.0 1897649
1000.0 1898649
1000.0 1899649
1000.0 1900649
1000.0 1900678
100.0 1900809
1000.0 1901809
1000.0 1902809
1000.0 1903809
1000.0 1904809
1000.0 1905809
1000.0 1906809
1000.0 1907809
1000.0 1908809
1000.0 1909809
1000.0 1910653
100.0 1911653
100.0 1912653
100.0 1913653
100.0 1914653
100.0 1915653
100.0 1916653
100.0 1917653
100.0 1918653
100.0 1919653
100.0 1920653
100.0 1921653
100.0 1922653
100.0 1923653
100.0 1924653
100.0 1925653
100.0 1926653
100.0 1926827
1000.0 1927827
1000.0 1928827
1000.0 1929827
1000.0 1930827
1000.0 1931827
1000.0 1932827
1000.0 1933827
1000.0 1934827
1000.0 1935827
1000.0 1936827
1000.0 1937290
100.0 1938290
100.0 1938384
1000.0 1939384
1000.0 1940384
1000.0 1941384
1000.0 1942384
1000.0 1943384
1000.0 1944384
1000.0 1945384
1000.0 1946384
1000.0 1947384
1000.0 1948297
100.0 1949297
100.0 1950297
100.0 1951297
100.0 1952297
100.0 1953297
100.0 1954031
1000.0 1955031
1000.0 1956031
1000.0 1957031
1000.0 1958031
1000.0 1959031
1000.0 1960031
1000.0 1961031
1000.0 1962031
1000.0 1963031
1000.0 1964031
1000.0 1965031
1000.0 1966031
1000.0 1967031
1000.0 1968031
1000.0 1969031
1000.0 1970031
1000.0 1971031
1000.0 1972031
1000.0 1973031
1000.0 1974031
1000.0 1975031
1000.0 1976031
1000.0 1977031
1000.0 1978031
1000.0 1979031
1000.0 1980031
1000.0 1981031
1000.0 1982031
1000.0 1983031
1000.0 1984031
1000.0 1985031
1000.0 1986031
1000.0 1987031
1000.0 1988031
1000.0 1989031
1000.0 1989278
100.0 1990278
100.0 1990350
1000.0 1991350
1000.0 1991525
100.0 1992525
100.0 1993307
1000.0 1994307
1000.0 1995307
1000.0 1996307
1000.0 1997307
1000.0 1998124
100.0 1999124
100.0 2000124
100.0 2001124
100.0 2002124
100.0 2003124
100.0 2004124
100.0 2005124
100.0 2006124
100.0 2007124
100.0 2008124
100.0 2009124
100.0 2010124
100.0 2011124
100.0 2012124
100.0 2012467
1000.0 2013467
1000.0 2013512
100.0 2014512
100.0 2015512
100.0 2016512
100.0 2017512
100.0 2018512
100.0 2019512
100.0 2020512
100.0 2021512
100.0 2022512
100.0 2023512
100.0 2024512
100.0 2025512
100.0 2026512
100.0 2027512
100.0 2028512
100.0 2029512
100.0 2030512
100.0 2031512
100.0 2032512
100.0 2033512
100.0 2034512
100.0 2035512
100.0 2036512
100.0 2036774
1000.0 2037774
1000.0 2038774
1000.0 2039774
1000.0 2040774
1000.0 2041774
1000.0 2042774
1000.0 2043774
1000.0 2044774
1000.0 2045534
100.0 2046534
100.0 2047534
100.0 2048534
100.0 2049534
100.0 2050534
100.0 2051534
100.0 2052418
1000.0 2053418
1000.0 2054418
1000.0 2055418
1000.0 2056418
1000.0 2057418
1000.0 2058418
1000.0 2059418
1000.0 2060418
1000.0 2061418
1000.0 2062418
1000.0 2063418
1000.0 2064418
1000.0 2065418
1000.0 2066262
100.0 2067262
100.0 2068262
100.0 2069205
1000.0 2070205
1000.0 2071205
1000.0 2072205
1000.0 2073205
1000.0 2074205
1000.0 2075205
1000.0 2076205
1000.0 2077205
1000.0 2078205
1000.0 2079205
1000.0 2080205
1000.0 2080985
100.0 2081985
100.0 2082985
100.0 2083985
100.0 2084985
100.0 2085365
1000.0 2085395
100.0 2086395
100.0 2087395
100.0 2088395
100.0 2089395
100.0 2090395
100.0 2091395
100.0 2092395
100.0 2092887
1000.0 2093887
1000.0 2094887
1000.0 2095887
1000.0 2096887
1000.0 2097887
1000.0 2098600
100.0 2099600
100.0 2100600
100.0 2101538
1000.0 2102538
1000.0 2103538
1000.0 2104538
1000.0 2104740
100.0 2105740
100.0 2106740
100.0 2107740
100.0 2108740
100.0 2109740
100.0 2110740
100.0 2111740
100.0 2112740
100.0 2113740
100.0 2114740
100.0 2115740
100.0 2116740
100.0 2117740
100.0 2118740
100.0 2119740
100.0 2120351
1000.0 2121351
1000.0 2122351
1000.0 2123351
1000.0 2124351
1000.0 2125351
1000.0 2126351
1000.0 2127351
1000.0 2128351
1000.0 2129351
1000.0 2130351
1000.0 2131351
1000.0 2132351
1000.0 2133025
100.0 2134025
100.0 2135025
100.0 2136025
100.0 2137025
100.0 2138025
100.0 2138764
1000.0 2139764
1000.0 2140764
1000.0 2141764
1000.0 2142764
1000.0 2143764
1000.0 2144764
1000.0 2145764
1000.0 2146764
1000.0 2147764
1000.0 2148764
1000.0 2149764
1000.0 2150604
100.0 2151604
100.0 2152604
100.0 2153604
100.0 2153727
1000.0 2154727
1000.0 2155727
1000.0 2156727
1000.0 2157727
1000.0 2158727
1000.0 2159727
1000.0 2159924
100.0 2160924
100.0 2161924
100.0 2162135
1000.0 2162413
100.0 2163413
100.0 2164413
100.0 2165413
100.0 2166413
100.0 2166658
1000.0 2167658
1000.0 2168658
1000.0 2169658
1000.0 2170658
1000.0 2171658
1000.0 2172658
1000.0 2173658
1000.0 2174658
1000.0 2174927
100.0 2175927
100.0 2176927
100.0 2177927
100.0 2178927
100.0 2179927
100.0 2180927
100.0 2181927
100.0 2182927
100.0 2183927
100.0 2184927
100.0 2185927
100.0 2186927
100.0 2187927
100.0 2188927
100.0 2189927
100.0 2190927
100.0 2191927
100.0 2192927
100.0 2193927
100.0 2194927
100.0 2195927
100.0 2196927
100.0 2197927
100.0 2198927
100.0 2199927
100.0 2200927
100.0 2201927
100.0 2202927
100.0 2203927
100.0 2204927
100.0 2205505
1000.0 2206505
1000.0 2207505
1000.0 2208505
1000.0 2209505
1000.0 2210505
1000.0 2211458
100.0 2212212
1000.0 2213212
1000.0 2214212
1000.0 2215212
1000.0 2216212
1000.0 2217212
1000.0 2218212
1000.0 2219212
1000.0 2220212
1000.0 2221212
1000.0 2222212
1000.0 2222665
100.0 2223665
100.0 2224665
100.0 2225665
100.0 2226665
100.0 2227665
100.0 2228665
100.0 2229665
100.0 2230665
100.0 2231665
100.0 2232665
100.0 2233665
100.0 2234665
100.0 2235665
100.0 2236665
100.0 2237636
1000.0 2238636
1000.0 2239636
1000.0 2240636
1000.0 2240940
100.0 2241940
100.0 2242940
100.0 2243940
100.0 2244940
100.0 2245940
100.0 2246940
100.0 2247940
100.0 2248940
100.0 2249215
1000.0 2250215
1000.0 2251215
1000.0 2252215
1000.0 2253215
1000.0 2254215
1000.0 2255058
100.0 2256058
100.0 2257058
100.0 2258058
100.0 2259058
100.0 2260058
100.0 2261058
100.0 2262058
100.0 2263058
100.0 2264058
100.0 2265058
100.0 2265492
1000.0 2266492
1000.0 2267492
1000.0 2268492
1000.0 2269492
1000.0 2270492
1000.0 2271492
1000.0 2272492
1000.0 2273492
1000.0 2274249
