1
100.0 0
100.0 727
1000.0 904
100.0 1904
100.0 2904
100.0 3904
100.0 4498
1000.0 5498
1000.0 6498
1000.0 7498
1000.0 8498
1000.0 9498
1000.0 10498
1000.0 11498
1000.0 12498
1000.0 13110
100.0 14110
100.0 15110
100.0 16110
100.0 17109
1000.0 18109
1000.0 19109
1000.0 20109
1000.0 21109
1000.0 22109
1000.0 23109
1000.0 24109
1000.0 25109
1000.0 26109
1000.0 26380
100.0 27380
100.0 28380
100.0 29380
100.0 30380
100.0 31380
100.0 32207
1000.0 33207
1000.0 34207
1000.0 35207
1000.0 36207
1000.0 37207
1000.0 38207
1000.0 39207
1000.0 40207
1000.0 41207
1000.0 42207
1000.0 43207
1000.0 43320
100.0 44320
100.0 45320
100.0 46320
100.0 47320
100.0 48320
100.0 49320
100.0 50320
100.0 51320
100.0 51396
1000.0 52396
1000.0 53396
1000.0 54396
1000.0 55396
1000.0 56396
1000.0 57396
1000.0 57556
100.0 58556
100.0 59556
100.0 60556
100.0 61556
100.0 61961
1000.0 62961
1000.0 63961
1000.0 64961
1000.0 65961
1000.0 66961
1000.0 67961
1000.0 68961
1000.0 69961
1000.0 70961
1000.0 71961
1000.0 72961
1000.0 73961
1000.0 74961
1000.0 75961
1000.0 76961
1000.0 77961
1000.0 78737
100.0 79737
100.0 80737
100.0 81737
100.0 82737
100.0 83737
100.0 84737
100.0 85737
100.0 86737
100.0 87737
100.0 88737
100.0 89737
100.0 90737
100.0 91737
100.0 92737
100.0 93737
100.0 94737
100.0 95737
100.0 96737
100.0 97737
100.0 98737
100.0 99737
100.0 100737
100.0 101737
100.0 102737
100.0 103737
100.0 104737
100.0 105737
100.0 106737
100.0 107516
1000.0 108516
1000.0 109516
1000.0 110516
1000.0 111516
1000.0 112516
1000.0 113516
1000.0 114516
1000.0 115516
1000.0 116516
1000.0 117516
1000.0 118516
1000.0 119516
1000.0 120516
1000.0 121516
1000.0 122516
1000.0 123516
1000.0 123567
100.0 124567
100.0 125567
100.0 126567
100.0 127567
100.0 128567
100.0 129567
100.0 130567
100.0 131567
100.0 132567
100.0 132956
1000.0 133956
1000.0 134956
1000.0 135956
1000.0 136956
1000.0 137956
1000.0 138956
1000.0 139956
1000.0 140956
1000.0 141956
1000.0 142956
1000.0 143956
1000.0 144956
1000.0 145956
1000.0 146724
100.0 147724
100.0 147766
1000.0 148766
1000.0 149766
1000.0 149989
100.0 150689
1000.0 151689
1000.0 152689
1000.0 153689
1000.0 154689
1000.0 155689
1000.0 156689
1000.0 157689
1000.0 158689
1000.0 159689
1000.0 160689
1000.0 161689
1000.0 162689
1000.0 163507
100.0 164195
1000.0 165195
1000.0 166195
1000.0 166814
100.0 167814
100.0 168814
100.0 169814
100.0 170814
100.0 170971
1000.0 171971
1000.0 172971
1000.0 173555
100.0 174555
100.0 175555
100.0 176555
100.0 177555
100.0 178555
100.0 179555
100.0 180555
100.0 181555
100.0 182555
100.0 183555
100.0 184555
100.0 185555
100.0 186555
100.0 187555
100.0 187578
1000.0 188578
1000.0 189578
1000.0 190578
1000.0 191578
1000.0 192578
1000.0 193578
1000.0 194578
1000.0 195578
1000.0 196578
1000.0 197578
1000.0 197993
100.0 198993
100.0 199870
1000.0 200870
1000.0 201870
1000.0 202870
1000.0 203588
100.0 204588
100.0 205588
100.0 206588
100.0 207588
100.0 208588
100.0 209588
100.0 210588
100.0 211588
100.0 212588
100.0 213018
1000.0 214018
1000.0 215018
1000.0 216018
1000.0 217018
1000.0 217802
100.0 218802
100.0 219802
100.0 220802
100.0 221802
100.0 222802
100.0 223802
100.0 224802
100.0 225802
100.0 226148
1000.0 227148
1000.0 228148
1000.0 229148
1000.0 230148
1000.0 231148
1000.0 232148
1000.0 233148
1000.0 234148
1000.0 235148
1000.0 236148
1000.0 237148
1000.0 238148
1000.0 239148
1000.0 240148
1000.0 241148
1000.0 242148
1000.0 243148
1000.0 244148
1000.0 245083
100.0 246083
100.0 247083
100.0 247143
1000.0 248143
1000.0 249143
1000.0 250143
1000.0 251143
1000.0 252143
1000.0 253143
1000.0 254143
1000.0 255143
1000.0 256143
1000.0 257143
1000.0 258143
1000.0 259143
1000.0 260143
1000.0 261143
1000.0 262143
1000.0 263143
1000.0 264143
1000.0 265143
1000.0 266143
1000.0 267143
1000.0 268143
1000.0 269143
1000.0 270143
1000.0 271081
100.0 272081
100.0 272248
1000.0 273248
1000.0 274248
1000.0 275248
1000.0 276248
1000.0 277248
1000.0 277990
100.0 278990
100.0 279205
1000.0 280205
1000.0 281205
1000.0 281799
100.0 282799
100.0 283706
1000.0 284706
1000.0 285706
1000.0 286706
1000.0 287706
1000.0 288706
1000.0 289706
1000.0 290090
100.0 291090
100.0 292090
100.0 292500
1000.0 293500
1000.0 294500
1000.0 295500
1000.0 296500
1000.0 297500
1000.0 298500
1000.0 299500
1000.0 300500
1000.0 301500
1000.0 302500
1000.0 303500
1000.0 304500
1000.0 305500
1000.0 305611
100.0 306611
100.0 307611
100.0 308611
100.0 309611
100.0 310611
100.0 311611
100.0 312611
100.0 313477
1000.0 314477
1000.0 315477
1000.0 316477
1000.0 317477
1000.0 317979
100.0 318979
100.0 319979
100.0 320979
100.0 321979
100.0 322979
100.0 323979
100.0 324412
1000.0 325412
1000.0 325858
100.0 326858
100.0 327830
1000.0 328830
1000.0 329830
1000.0 330830
1000.0 331830
1000.0 332830
1000.0 333830
1000.0 334830
1000.0 335830
1000.0 336830
1000.0 337830
1000.0 338830
1000.0 339830
1000.0 340830
1000.0 341830
1000.0 342505
100.0 343505
100.0 344505
100.0 345505
100.0 346505
100.0 346764
1000.0 347764
1000.0 348764
1000.0 349764
1000.0 350764
1000.0 351764
1000.0 352764
1000.0 353764
1000.0 354764
1000.0 355764
1000.0 356764
1000.0 357764
1000.0 358764
1000.0 359764
1000.0 360764
1000.0 361764
1000.0 362764
1000.0 363764
1000.0 364764
1000.0 365764
1000.0 366764
1000.0 367764
1000.0 368764
1000.0 369764
1000.0 370447
100.0 371447
100.0 372447
100.0 373447
100.0 374447
100.0 375447
100.0 376447
100.0 377447
100.0 378447
100.0 379447
100.0 380447
100.0 381447
100.0 382447
100.0 383447
100.0 384447
100.0 385447
100.0 386447
100.0 387383
1000.0 388383
1000.0 389383
1000.0 390383
1000.0 391383
1000.0 392383
1000.0 393383
1000.0 394383
1000.0 394456
100.0 395456
100.0 396456
100.0 397456
100.0 398456
100.0 399456
100.0 400456
100.0 401456
100.0 402456
100.0 403456
100.0 404456
100.0 405456
100.0 406456
100.0 407456
100.0 408456
100.0 409456
100.0 410456
100.0 411456
100.0 412456
100.0 413456
100.0 414456
100.0 414714
1000.0 415714
1000.0 416714
1000.0 417714
1000.0 418714
1000.0 419714
1000.0 420714
1000.0 421714
1000.0 422714
1000.0 423714
1000.0 424714
1000.0 425714
1000.0 426714
1000.0 427714
1000.0 428578
100.0 429578
100.0 430578
100.0 431578
100.0 432578
100.0 433578
100.0 434578
100.0 435578
100.0 436578
100.0 437578
100.0 438578
100.0 439578
100.0 440578
100.0 440643
1000.0 441643
1000.0 442643
1000.0 443643
1000.0 444643
1000.0 445643
1000.0 446643
1000.0 447643
1000.0 448643
1000.0 449643
1000.0 450643
1000.0 451643
1000.0 452643
1000.0 453643
1000.0 454643
1000.0 455643
1000.0 455778
100.0 456778
100.0 456921
1000.0 457921
1000.0 458921
1000.0 459921
1000.0 460921
1000.0 461921
1000.0 462921
1000.0 463921
1000.0 464921
1000.0 465921
1000.0 466921
1000.0 467921
1000.0 468921
1000.0 469921
1000.0 470921
1000.0 471782
100.0 472771
1000.0 473526
100.0 474526
100.0 475526
100.0 475621
1000.0 476621
1000.0 477621
1000.0 478621
1000.0 479621
1000.0 480621
1000.0 481621
1000.0 482621
1000.0 483621
1000.0 484621
1000.0 485621
1000.0 486621
1000.0 487621
1000.0 488621
1000.0 489621
1000.0 490621
1000.0 491621
1000.0 492621
1000.0 493072
100.0 494072
100.0 495072
100.0 496072
100.0 497072
100.0 497744
1000.0 498744
1000.0 499744
1000.0 500744
1000.0 501744
1000.0 502744
1000.0 503744
1000.0 504744
1000.0 505744
1000.0 506744
1000.0 507744
1000.0 508744
1000.0 509744
1000.0 510744
1000.0 511744
1000.0 512744
1000.0 513744
1000.0 514744
1000.0 515744
1000.0 516744
1000.0 517744
1000.0 518744
1000.0 519744
1000.0 520744
1000.0 521278
100.0 522278
100.0 523278
100.0 524278
100.0 525278
100.0 526278
100.0 527278
100.0 528278
100.0 529278
100.0 530278
100.0 531278
100.0 532278
100.0 533278
100.0 534278
100.0 535278
100.0 536278
100.0 537278
100.0 538278
100.0 539278
100.0 540278
100.0 541278
100.0 542278
100.0 543278
100.0 544278
100.0 545278
100.0 545688
1000.0 546688
1000.0 547688
1000.0 547722
100.0 548722
100.0 549142
1000.0 550142
1000.0 551010
100.0 552010
100.0 553010
100.0 554010
100.0 555010
100.0 556010
100.0 557010
100.0 558010
100.0 559010
100.0 560010
100.0 561010
100.0 562010
100.0 563010
100.0 564010
100.0 565010
100.0 566010
100.0 566262
1000.0 567262
1000.0 568262
1000.0 569262
1000.0 570262
1000.0 571262
1000.0 572262
1000.0 573262
1000.0 574262
1000.0 574783
100.0 575783
100.0 576783
100.0 577783
100.0 578783
100.0 579783
100.0 580783
100.0 581783
100.0 582783
100.0 583783
100.0 584783
100.0 585783
100.0 586783
100.0 587783
100.0 588382
1000.0 589382
1000.0 590382
1000.0 591382
1000.0 592382
1000.0 593382
1000.0 594382
1000.0 595382
1000.0 596382
1000.0 597382
1000.0 598382
1000.0 599382
1000.0 600382
1000.0 601382
1000.0 602382
1000.0 603382
1000.0 604382
1000.0 605382
1000.0 606382
1000.0 607382
1000.0 608382
1000.0 609382
1000.0 610382
1000.0 611382
1000.0 612382
1000.0 613382
1000.0 614382
1000.0 615382
1000.0 616382
1000.0 617382
1000.0 618382
1000.0 619382
1000.0 620382
1000.0 621382
1000.0 622382
1000.0 623382
1000.0 624382
1000.0 625382
1000.0 626382
1000.0 626779
100.0 627779
100.0 628779
100.0 629236
1000.0 630236
1000.0 631236
1000.0 632236
1000.0 633236
1000.0 634236
1000.0 635236
1000.0 636236
1000.0 636729
100.0 637729
100.0 638729
100.0 639729
100.0 640729
100.0 641685
1000.0 642685
1000.0 643685
1000.0 644685
1000.0 645685
1000.0 646685
1000.0 647685
1000.0 648685
1000.0 649685
1000.0 650685
1000.0 651685
1000.0 652685
1000.0 653685
1000.0 654685
1000.0 655685
1000.0 656685
1000.0 657685
1000.0 658685
1000.0 659685
1000.0 660685
1000.0 661685
1000.0 662685
1000.0 663564
100.0 664564
100.0 665564
100.0 666564
100.0 667564
100.0 668564
100.0 669257
1000.0 669945
100.0 670089
1000.0 671089
1000.0 672021
100.0 673021
100.0 673333
1000.0 674333
1000.0 674924
100.0 675924
100.0 676924
100.0 677924
100.0 678924
100.0 679924
100.0 680924
100.0 681924
100.0 682924
100.0 683924
100.0 684924
100.0 685924
100.0 686924
100.0 687605
1000.0 688605
1000.0 689605
1000.0 690605
1000.0 691605
1000.0 692605
1000.0 693605
1000.0 694605
1000.0 695605
1000.0 696605
1000.0 697605
1000.0 698605
1000.0 699605
1000.0 700605
1000.0 701605
1000.0 702605
1000.0 703605
1000.0 704605
1000.0 705605
1000.0 706605
1000.0 707605
1000.0 708605
1000.0 709605
1000.0 710605
1000.0 711605
1000.0 712605
1000.0 713605
1000.0 714605
1000.0 715605
1000.0 716605
1000.0 716873
100.0 717873
100.0 718873
100.0 719873
100.0 720873
100.0 721873
100.0 722873
100.0 723873
100.0 724873
100.0 725873
100.0 726873
100.0 727786
1000.0 728179
100.0 729179
100.0 730179
100.0 731179
100.0 732179
100.0 732308
1000.0 733308
1000.0 734308
1000.0 735308
1000.0 735333
100.0 736333
100.0 737333
100.0 738333
100.0 739333
100.0 740269
1000.0 741269
1000.0 742269
1000.0 743269
1000.0 744269
1000.0 745269
1000.0 746269
1000.0 747269
1000.0 748269
1000.0 749269
1000.0 750202
100.0 750312
1000.0 751312
1000.0 752312
1000.0 752989
100.0 753989
100.0 754989
100.0 755989
100.0 756874
1000.0 757874
1000.0 758874
1000.0 759874
1000.0 760874
1000.0 761874
1000.0 762874
1000.0 763874
1000.0 764874
1000.0 765874
1000.0 766874
1000.0 767874
1000.0 768874
1000.0 769874
1000.0 770874
1000.0 771874
1000.0 772874
1000.0 773874
1000.0 774874
1000.0 775874
1000.0 776874
1000.0 777874
1000.0 778874
1000.0 779874
1000.0 780874
1000.0 781874
1000.0 782874
1000.0 783874
1000.0 784874
1000.0 785874
1000.0 786874
1000.0 787874
1000.0 788874
1000.0 789874
1000.0 790874
1000.0 791874
1000.0 792874
1000.0 793874
1000.0 794874
1000.0 795874
1000.0 796874
1000.0 797874
1000.0 798874
1000.0 799874
1000.0 800874
1000.0 801874
1000.0 802874
1000.0 803874
1000.0 804874
1000.0 805283
100.0 806283
100.0 807283
100.0 807571
1000.0 808571
1000.0 809571
1000.0 810571
1000.0 811571
1000.0 812571
1000.0 813571
1000.0 814571
1000.0 815571
1000.0 816571
1000.0 817571
1000.0 818571
1000.0 819571
1000.0 820571
1000.0 821571
1000.0 822571
1000.0 823571
1000.0 824043
100.0 825043
100.0 826043
100.0 827043
100.0 828043
100.0 829043
100.0 830043
100.0 831043
100.0 832043
100.0 833043
100.0 834043
100.0 835043
100.0 836043
100.0 837043
100.0 837098
1000.0 838098
1000.0 839098
1000.0 840072
100.0 841072
100.0 842072
100.0 843072
100.0 844072
100.0 845072
100.0 845574
1000.0 846574
1000.0 847574
1000.0 848574
1000.0 849574
1000.0 850574
1000.0 851091
100.0 852091
100.0 852091
1000.0 853091
1000.0 854091
1000.0 855091
1000.0 855427
100.0 856427
100.0 857427
100.0 858427
100.0 859427
100.0 860427
100.0 861427
100.0 861829
1000.0 862829
1000.0 863829
1000.0 864829
1000.0 865829
1000.0 866829
1000.0 867829
1000.0 868829
1000.0 869829
1000.0 870829
1000.0 871829
1000.0 872829
1000.0 873829
1000.0 874829
1000.0 875829
1000.0 876829
1000.0 877829
1000.0 878829
1000.0 879829
1000.0 880829
1000.0 881829
1000.0 882829
1000.0 883829
1000.0 884829
1000.0 885829
1000.0 886829
1000.0 887829
1000.0 888829
1000.0 889829
1000.0 890829
1000.0 891829
1000.0 892829
1000.0 893829
1000.0 894829
1000.0 895829
1000.0 895849
100.0 896849
100.0 897849
100.0 898849
100.0 899849
100.0 900256
1000.0 901256
1000.0 902256
1000.0 903256
1000.0 904256
1000.0 905256
1000.0 906256
1000.0 907256
1000.0 908256
1000.0 909256
1000.0 910256
1000.0 910525
100.0 911525
100.0 912525
100.0 913525
100.0 914525
100.0 915525
100.0 916525
100.0 917525
100.0 918021
1000.0 919021
1000.0 920021
1000.0 921021
1000.0 922021
1000.0 922229
100.0 923229
100.0 923813
1000.0 924813
1000.0 925813
1000.0 926813
1000.0 927813
1000.0 928813
1000.0 928954
100.0 929954
100.0 930954
100.0 931954
100.0 932954
100.0 933954
100.0 934954
100.0 935954
100.0 936954
100.0 937954
100.0 938954
100.0 939904
1000.0 940904
1000.0 941904
1000.0 942904
1000.0 943904
1000.0 944904
1000.0 945904
1000.0 946801
100.0 947801
100.0 948801
100.0 949801
100.0 950801
100.0 950947
1000.0 951076
100.0 952076
100.0 953076
100.0 954041
1000.0 955041
1000.0 956041
1000.0 957041
1000.0 958041
1000.0 959041
1000.0 960041
1000.0 961041
1000.0 961304
100.0 962304
100.0 963304
100.0 964304
100.0 965304
100.0 966304
100.0 967304
100.0 968304
100.0 969304
100.0 970304
100.0 971304
100.0 972304
100.0 973304
100.0 974304
100.0 975304
100.0 976304
100.0 977304
100.0 978304
100.0 979304
100.0 980304
100.0 981304
100.0 982304
100.0 983304
100.0 984304
100.0 984723
1000.0 985723
1000.0 986723
1000.0 987010
100.0 987714
1000.0 988714
1000.0 989714
1000.0 990714
1000.0 991714
1000.0 992714
1000.0 993714
1000.0 994714
1000.0 995714
1000.0 996714
1000.0 997714
1000.0 998714
1000.0 999714
1000.0 1000162
100.0 1001162
100.0 1002162
100.0 1003162
100.0 1004162
100.0 1005162
100.0 1006162
100.0 1007162
100.0 1008162
100.0 1009162
100.0 1010162
100.0 1011162
100.0 1012162
100.0 1013162
100.0 1014162
100.0 1015162
100.0 1016162
100.0 1017162
100.0 1017375
1000.0 1018375
1000.0 1019375
1000.0 1020375
1000.0 1021375
1000.0 1022375
1000.0 1023375
1000.0 1024375
1000.0 1025375
1000.0 1026375
1000.0 1027375
1000.0 1028375
1000.0 1029375
1000.0 1029628
100.0 1030628
100.0 1031628
100.0 1032628
100.0 1033442
1000.0 1034442
1000.0 1035442
1000.0 1036442
1000.0 1037442
1000.0 1038442
1000.0 1039442
1000.0 1040442
1000.0 1041442
1000.0 1042442
1000.0 1043442
1000.0 1044442
1000.0 1045442
1000.0 1046442
1000.0 1047442
1000.0 1048442
1000.0 1049442
1000.0 1050442
1000.0 1051442
1000.0 1052442
1000.0 1053442
1000.0 1054442
1000.0 1055442
1000.0 1056442
1000.0 1057442
1000.0 1058442
1000.0 1059442
1000.0 1060442
1000.0 1061442
1000.0 1062442
1000.0 1063442
1000.0 1064442
1000.0 1065442
1000.0 1066442
1000.0 1067442
1000.0 1068442
1000.0 1069442
1000.0 1070442
1000.0 1071442
1000.0 1072442
1000.0 1073442
1000.0 1074442
1000.0 1075442
1000.0 1076442
1000.0 1077442
1000.0 1078442
1000.0 1079442
1000.0 1080442
1000.0 1081442
1000.0 1082442
1000.0 1083442
1000.0 1084442
1000.0 1085442
1000.0 1085730
100.0 1086730
100.0 1087730
100.0 1088730
100.0 1089730
100.0 1090730
100.0 1091730
100.0 1092730
100.0 1093730
100.0 1094037
1000.0 1095037
1000.0 1095558
100.0 1096558
100.0 1097298
1000.0 1097365
100.0 1098365
100.0 1099365
100.0 1100365
100.0 1101365
100.0 1102365
100.0 1103365
100.0 1104365
100.0 1105365
100.0 1106365
100.0 1107365
100.0 1107867
1000.0 1108867
1000.0 1109557
100.0 1110557
100.0 1111557
100.0 1112557
100.0 1113303
1000.0 1114303
1000.0 1115303
1000.0 1116015
100.0 1117015
100.0 1118015
100.0 1119015
100.0 1120015
100.0 1121015
100.0 1122015
100.0 1123015
100.0 1124015
100.0 1125015
100.0 1126015
100.0 1126411
1000.0 1127411
1000.0 1128411
1000.0 1129411
1000.0 1130411
1000.0 1131411
1000.0 1132411
1000.0 1133411
1000.0 1134411
1000.0 1135411
1000.0 1136411
1000.0 1136504
100.0 1137504
100.0 1138395
1000.0 1139395
1000.0 1140395
1000.0 1141395
1000.0 1142395
1000.0 1143395
1000.0 1144395
1000.0 1145395
1000.0 1146395
1000.0 1147395
1000.0 1148395
1000.0 1149395
1000.0 1150395
1000.0 1151395
1000.0 1152395
1000.0 1153395
1000.0 1154395
1000.0 1155395
1000.0 1156395
1000.0 1157395
1000.0 1158395
1000.0 1159395
1000.0 1160395
1000.0 1161395
1000.0 1162395
1000.0 1163395
1000.0 1164395
1000.0 1165395
1000.0 1166395
1000.0 1167395
1000.0 1168395
1000.0 1169395
1000.0 1170395
1000.0 1171395
1000.0 1172104
100.0 1173104
100.0 1174104
100.0 1175104
100.0 1176104
100.0 1176326
1000.0 1177326
1000.0 1178326
1000.0 1179326
1000.0 1180326
1000.0 1181326
1000.0 1182326
1000.0 1183326
1000.0 1184326
1000.0 1185326
1000.0 1186326
1000.0 1187326
1000.0 1188326
1000.0 1189326
1000.0 1190326
1000.0 1191326
1000.0 1192326
1000.0 1193326
1000.0 1194326
1000.0 1195326
1000.0 1196326
1000.0 1197326
1000.0 1198326
1000.0 1199326
1000.0 1200326
1000.0 1201326
1000.0 1202326
1000.0 1203326
1000.0 1204326
1000.0 1205326
1000.0 1206326
1000.0 1207326
1000.0 1208171
100.0 1209171
100.0 1209877
1000.0 1210352
100.0 1211352
100.0 1212352
100.0 1213352
100.0 1214352
100.0 1215352
100.0 1215497
1000.0 1216497
1000.0 1217497
1000.0 1218497
1000.0 1219497
1000.0 1220497
1000.0 1221497
1000.0 1222497
1000.0 1222964
100.0 1223964
100.0 1224964
100.0 1225964
100.0 1226964
100.0 1227246
1000.0 1228246
1000.0 1229246
1000.0 1229496
100.0 1230496
100.0 1231496
100.0 1232496
100.0 1233496
100.0 1234496
100.0 1235270
1000.0 1236270
1000.0 1237270
1000.0 1238270
1000.0 1239270
1000.0 1240270
1000.0 1241270
1000.0 1242270
1000.0 1243270
1000.0 1244270
1000.0 1245270
1000.0 1246270
1000.0 1247270
1000.0 1248270
1000.0 1249270
1000.0 1250270
1000.0 1251270
1000.0 1252270
1000.0 1253270
1000.0 1254270
1000.0 1255270
1000.0 1256270
1000.0 1257270
1000.0 1258270
1000.0 1259270
1000.0 1260270
1000.0 1261270
1000.0 1262270
1000.0 1263270
1000.0 1264270
1000.0 1265270
1000.0 1265692
100.0 1266692
100.0 1267692
100.0 1268692
100.0 1269692
100.0 1270692
100.0 1271291
1000.0 1272291
1000.0 1273291
1000.0 1274291
1000.0 1275291
1000.0 1276104
100.0 1277104
100.0 1278104
100.0 1279104
100.0 1280104
100.0 1281104
100.0 1282104
100.0 1283104
100.0 1284104
100.0 1285104
100.0 1286104
100.0 1287104
100.0 1288104
100.0 1289104
100.0 1290104
100.0 1291104
100.0 1292104
100.0 1293104
100.0 1294104
100.0 1295104
100.0 1296104
100.0 1296944
1000.0 1297944
1000.0 1298944
1000.0 1299944
1000.0 1300944
1000.0 1301944
1000.0 1302944
1000.0 1303944
1000.0 1304944
1000.0 1305207
100.0 1306207
100.0 1307207
100.0 1308207
100.0 1309207
100.0 1310207
100.0 1311207
100.0 1312207
100.0 1313207
100.0 1314207
100.0 1315207
100.0 1316207
100.0 1317207
100.0 1318207
100.0 1319207
100.0 1319260
1000.0 1320260
1000.0 1320715
100.0 1321715
100.0 1322715
100.0 1323715
100.0 1324715
100.0 1325715
100.0 1325843
1000.0 1326843
1000.0 1327843
1000.0 1328843
1000.0 1329843
1000.0 1330843
1000.0 1331843
1000.0 1332843
1000.0 1333843
1000.0 1334843
1000.0 1335843
1000.0 1336843
1000.0 1337843
1000.0 1338843
1000.0 1339843
1000.0 1340843
1000.0 1341843
1000.0 1342843
1000.0 1343843
1000.0 1344208
100.0 1345208
100.0 1346208
100.0 1347208
100.0 1348208
100.0 1349208
100.0 1350208
100.0 1351208
100.0 1351676
1000.0 1352676
1000.0 1353676
1000.0 1354676
1000.0 1355676
1000.0 1356676
1000.0 1357676
1000.0 1358676
1000.0 1359676
1000.0 1360676
1000.0 1361676
1000.0 1362118
100.0 1363118
100.0 1364118
100.0 1364928
1000.0 1365928
1000.0 1366483
100.0 1367483
100.0 1368483
100.0 1368713
1000.0 1369713
1000.0 1370713
1000.0 1371713
1000.0 1372713
1000.0 1373713
1000.0 1374713
1000.0 1375713
1000.0 1376713
1000.0 1377713
1000.0 1378713
1000.0 1379561
100.0 1380561
100.0 1381561
100.0 1382561
100.0 1383561
100.0 1383998
1000.0 1384998
1000.0 1385998
1000.0 1386998
1000.0 1387211
100.0 1388211
100.0 1389211
100.0 1390211
100.0 1391211
100.0 1392211
100.0 1393211
100.0 1394211
100.0 1395211
100.0 1396211
100.0 1397211
100.0 1398211
100.0 1399211
100.0 1400211
100.0 1401211
100.0 1402211
100.0 1403211
100.0 1404211
100.0 1405211
100.0 1405747
1000.0 1406747
1000.0 1407747
1000.0 1408747
1000.0 1409747
1000.0 1410747
1000.0 1411747
1000.0 1412747
1000.0 1412770
100.0 1413770
100.0 1414770
100.0 1415770
100.0 1415827
1000.0 1416827
1000.0 1417827
1000.0 1418827
1000.0 1419827
1000.0 1420827
1000.0 1421827
1000.0 1422827
1000.0 1423827
1000.0 1424827
1000.0 1425827
1000.0 1426827
1000.0 1427827
1000.0 1428827
1000.0 1429827
1000.0 1430827
1000.0 1431827
1000.0 1432827
1000.0 1433827
1000.0 1434827
1000.0 1435827
1000.0 1436827
1000.0 1437827
1000.0 1438827
1000.0 1439827
1000.0 1440827
1000.0 1441827
1000.0 1442827
1000.0 1443827
1000.0 1444827
1000.0 1445827
1000.0 1446827
1000.0 1447827
1000.0 1448827
1000.0 1449827
1000.0 1450827
1000.0 1451827
1000.0 1452827
1000.0 1453827
1000.0 1454827
1000.0 1455827
1000.0 1456827
1000.0 1457827
1000.0 1458827
1000.0 1459331
100.0 1460331
100.0 1461331
100.0 1462331
100.0 1462463
1000.0 1463463
1000.0 1464463
1000.0 1465463
1000.0 1466463
1000.0 1467463
1000.0 1468463
1000.0 1469463
1000.0 1470463
1000.0 1471463
1000.0 1472463
1000.0 1473463
1000.0 1474463
1000.0 1475463
1000.0 1476463
1000.0 1477463
1000.0 1478463
1000.0 1479463
1000.0 1480463
1000.0 1481463
1000.0 1482463
1000.0 1483463
1000.0 1484463
1000.0 1485463
1000.0 1486463
1000.0 1487463
1000.0 1488463
1000.0 1489463
1000.0 1490263
100.0 1490790
1000.0 1491790
1000.0 1492790
1000.0 1493790
1000.0 1494790
1000.0 1495790
1000.0 1496254
100.0 1497254
100.0 1498254
100.0 1498942
1000.0 1499942
1000.0 1500942
1000.0 1501942
1000.0 1502942
1000.0 1503942
1000.0 1504942
1000.0 1505942
1000.0 1506942
1000.0 1507942
1000.0 1508942
1000.0 1509942
1000.0 1510942
1000.0 1511942
1000.0 1512942
1000.0 1513942
1000.0 1514942
1000.0 1515942
1000.0 1516942
1000.0 1517942
1000.0 1518942
1000.0 1519942
1000.0 1520898
100.0 1521898
100.0 1522898
100.0 1523064
1000.0 1524064
1000.0 1525064
1000.0 1526064
1000.0 1527064
1000.0 1528064
1000.0 1529064
1000.0 1530026
100.0 1531026
100.0 1531452
1000.0 1532452
1000.0 1533452
1000.0 1534452
1000.0 1535452
1000.0 1535625
100.0 1535991
1000.0 1536991
1000.0 1537991
1000.0 1538991
1000.0 1539991
1000.0 1540991
1000.0 1541469
100.0 1542469
100.0 1543469
100.0 1544469
100.0 1545469
100.0 1546469
100.0 1547469
100.0 1548123
1000.0 1549123
1000.0 1549776
100.0 1550776
100.0 1551776
100.0 1552407
1000.0 1553407
1000.0 1553522
100.0 1554522
100.0 1555522
100.0 1556522
100.0 1557522
100.0 1558522
100.0 1559522
100.0 1560522
100.0 1561522
100.0 1562522
100.0 1563522
100.0 1564522
100.0 1565522
100.0 1566522
100.0 1567522
100.0 1568522
100.0 1569522
100.0 1570522
100.0 1571522
100.0 1572173
1000.0 1573173
1000.0 1574173
1000.0 1575173
1000.0 1576173
1000.0 1577173
1000.0 1578173
1000.0 1579173
1000.0 1580173
1000.0 1581173
1000.0 1581382
100.0 1582382
100.0 1583382
100.0 1584382
100.0 1585382
100.0 1585759
1000.0 1586759
1000.0 1587759
1000.0 1588759
1000.0 1589759
1000.0 1590759
1000.0 1591363
100.0 1592094
1000.0 1593094
1000.0 1594094
1000.0 1594103
100.0 1595103
100.0 1595946
1000.0 1596946
1000.0 1597946
1000.0 1598946
1000.0 1599946
1000.0 1600294
100.0 1601294
100.0 1602294
100.0 1603294
100.0 1604294
100.0 1605294
100.0 1606294
100.0 1607294
100.0 1608294
100.0 1609294
100.0 1610294
100.0 1611294
100.0 1612294
100.0 1613294
100.0 1614037
1000.0 1615037
1000.0 1616037
1000.0 1617037
1000.0 1618037
1000.0 1619037
1000.0 1620037
1000.0 1621037
1000.0 1621198
100.0 1622198
100.0 1622232
1000.0 1623232
1000.0 1624232
1000.0 1625232
1000.0 1626232
1000.0 1627232
1000.0 1628232
1000.0 1629232
1000.0 1629353
100.0 1630353
100.0 1631054
1000.0 1631752
100.0 1632752
100.0 1633752
100.0 1634752
100.0 1635752
100.0 1636752
100.0 1637752
100.0 1638752
100.0 1639752
100.0 1640752
100.0 1641752
100.0 1642580
1000.0 1643580
1000.0 1644580
1000.0 1645580
1000.0 1646580
1000.0 1647580
1000.0 1648580
1000.0 1648999
100.0 1649999
100.0 1650999
100.0 1651999
100.0 1652999
100.0 1653999
100.0 1654999
100.0 1655999
100.0 1656999
100.0 1657999
100.0 1658999
100.0 1659999
100.0 1660189
1000.0 1661189
1000.0 1662189
1000.0 1663189
1000.0 1664189
1000.0 1665189
1000.0 1666189
1000.0 1667189
1000.0 1668189
1000.0 1669189
1000.0 1670189
1000.0 1671189
1000.0 1672189
1000.0 1673061
100.0 1674061
100.0 1675061
100.0 1676061
100.0 1677061
100.0 1678061
100.0 1679061
100.0 1680061
100.0 1681061
100.0 1682061
100.0 1683061
100.0 1684061
100.0 1685061
100.0 1686061
100.0 1687061
100.0 1687751
1000.0 1688751
1000.0 1689751
1000.0 1689828
100.0 1690828
100.0 1691828
100.0 1692828
100.0 1693828
100.0 1694828
100.0 1695828
100.0 1696828
100.0 1697828
100.0 1698828
100.0 1699828
100.0 1700828
100.0 1701828
100.0 1702828
100.0 1703828
100.0 1704828
100.0 1705828
100.0 1706828
100.0 1707828
100.0 1708828
100.0 1709828
100.0 1710828
100.0 1711828
100.0 1712370
1000.0 1713370
1000.0 1714370
1000.0 1715370
1000.0 1716370
1000.0 1717370
1000.0 1718370
1000.0 1719370
1000.0 1720370
1000.0 1721370
1000.0 1722370
1000.0 1723370
1000.0 1724370
1000.0 1725370
1000.0 1726370
1000.0 1727370
1000.0 1728370
1000.0 1729370
1000.0 1730370
1000.0 1731083
100.0 1732083
100.0 1733083
100.0 1734083
100.0 1735083
100.0 1735698
1000.0 1736698
1000.0 1737698
1000.0 1738698
1000.0 1739698
1000.0 1740698
1000.0 1741698
1000.0 1742698
1000.0 1743698
1000.0 1744698
1000.0 1745698
1000.0 1746698
1000.0 1747698
1000.0 1748698
1000.0 1749698
1000.0 1750698
1000.0 1751698
1000.0 1752320
100.0 1753320
100.0 1754320
100.0 1755320
100.0 1756320
100.0 1757320
100.0 1758320
100.0 1759320
100.0 1759687
1000.0 1760687
1000.0 1761687
1000.0 1762687
1000.0 1763687
1000.0 1764687
1000.0 1765687
1000.0 1766687
1000.0 1767687
1000.0 1768687
1000.0 1769687
1000.0 1770498
100.0 1771048
1000.0 1772048
1000.0 1773048
1000.0 1774048
1000.0 1775048
1000.0 1775654
100.0 1776654
100.0 1777654
100.0 1778654
100.0 1779654
100.0 1779668
1000.0 1780668
1000.0 1781668
1000.0 1782668
1000.0 1783668
1000.0 1784102
100.0 1785102
100.0 1786102
100.0 1787102
100.0 1788102
100.0 1789102
100.0 1790102
100.0 1791102
100.0 1792102
100.0 1793102
100.0 1794102
100.0 1795102
100.0 1796102
100.0 1797102
100.0 1798102
100.0 1799102
100.0 1800102
100.0 1801102
100.0 1802102
100.0 1803102
100.0 1804102
100.0 1805102
100.0 1806102
100.0 1807102
100.0 1808102
100.0 1809102
100.0 1810102
100.0 1811102
100.0 1812102
100.0 1813102
100.0 1814102
100.0 1815102
100.0 1816102
100.0 1817102
100.0 1818102
100.0 1818341
1000.0 1819341
1000.0 1820341
1000.0 1821341
1000.0 1821984
100.0 1822984
100.0 1823984
100.0 1824984
100.0 1825984
100.0 1826984
100.0 1827984
100.0 1828984
100.0 1829984
100.0 1830557
1000.0 1831557
1000.0 1832080
100.0 1832812
1000.0 1833812
1000.0 1834812
1000.0 1835812
1000.0 1836812
1000.0 1837812
1000.0 1838812
1000.0 1839812
1000.0 1840812
1000.0 1841812
1000.0 1842812
1000.0 1843812
1000.0 1844812
1000.0 1845812
1000.0 1846812
1000.0 1847812
1000.0 1848812
1000.0 1849812
1000.0 1850475
100.0 1851475
100.0 1852475
100.0 1853475
100.0 1854475
100.0 1855475
100.0 1856475
100.0 1857475
100.0 1858475
100.0 1858726
1000.0 1859726
1000.0 1860726
1000.0 1861726
1000.0 1862726
1000.0 1863726
1000.0 1864049
100.0 1865049
100.0 1866049
100.0 1867049
100.0 1868049
100.0 1869049
100.0 1870049
100.0 1871049
100.0 1872049
100.0 1873049
100.0 1874049
100.0 1875049
100.0 1876049
100.0 1877049
100.0 1878049
100.0 1879049
100.0 1880049
100.0 1881049
100.0 1882049
100.0 1883049
100.0 1884049
100.0 1885049
100.0 1886049
100.0 1887049
100.0 1888049
100.0 1889049
100.0 1890049
100.0 1891049
100.0 1891322
1000.0 1892322
1000.0 1893322
1000.0 1894322
1000.0 1895322
1000.0 1896322
1000.0 1897322
1000.0 1898322
1000.0 1899322
1000.0 1900322
1000.0 1901322
1000.0 1902322
1000.0 1903322
1000.0 1904322
1000.0 1905322
1000.0 1906322
1000.0 1907322
1000.0 1908322
1000.0 1909322
1000.0 1910288
100.0 1911288
100.0 1912288
100.0 1913288
100.0 1914288
100.0 1915288
100.0 1916288
100.0 1917288
100.0 1918288
100.0 1919288
100.0 1920288
100.0 1920389
1000.0 1921389
1000.0 1922389
1000.0 1923389
1000.0 1924389
1000.0 1925389
1000.0 1926389
1000.0 1927389
1000.0 1928389
1000.0 1929389
1000.0 1930389
1000.0 1931389
1000.0 1932389
1000.0 1933389
1000.0 1934389
1000.0 1935384
100.0 1936384
100.0 1937384
100.0 1938384
100.0 1939384
100.0 1940384
100.0 1940386
1000.0 1941386
1000.0 1942386
1000.0 1943386
1000.0 1944386
1000.0 1945386
1000.0 1946386
1000.0 1947386
1000.0 1948386
1000.0 1949386
1000.0 1950386
1000.0 1951386
1000.0 1952386
1000.0 1953386
1000.0 1954386
1000.0 1955386
1000.0 1956386
1000.0 1957386
1000.0 1958386
1000.0 1959386
1000.0 1960386
1000.0 1961386
1000.0 1962386
1000.0 1963386
1000.0 1964386
1000.0 1965386
1000.0 1966386
1000.0 1967386
1000.0 1968386
1000.0 1969386
1000.0 1970386
1000.0 1971386
1000.0 1972386
1000.0 1973386
1000.0 1974386
1000.0 1975386
1000.0 1976386
1000.0 1977386
1000.0 1978386
1000.0 1979386
1000.0 1980386
1000.0 1981386
1000.0 1982386
1000.0 1983386
1000.0 1984386
1000.0 1985386
1000.0 1986386
1000.0 1987386
1000.0 1988386
1000.0 1989386
1000.0 1990386
1000.0 1991386
1000.0 1992386
1000.0 1993386
1000.0 1994386
1000.0 1995386
1000.0 1996386
1000.0 1997386
1000.0 1998386
1000.0 1999386
1000.0 2000386
1000.0 2001386
1000.0 2002386
1000.0 2003386
1000.0 2004386
1000.0 2004641
100.0 2005641
100.0 2006641
100.0 2007641
100.0 2008641
100.0 2009641
100.0 2010641
100.0 2011641
100.0 2012641
100.0 2012844
1000.0 2013844
1000.0 2014844
1000.0 2015844
1000.0 2016844
1000.0 2017844
1000.0 2018844
1000.0 2019844
1000.0 2020844
1000.0 2021844
1000.0 2022844
1000.0 2023844
1000.0 2024844
1000.0 2025844
1000.0 2026844
1000.0 2027844
1000.0 2028844
1000.0 2029844
1000.0 2030844
1000.0 2031844
1000.0 2032844
1000.0 2033844
1000.0 2034844
1000.0 2035844
1000.0 2036844
1000.0 2037017
100.0 2038017
100.0 2038414
1000.0 2039414
1000.0 2040414
1000.0 2041414
1000.0 2042414
1000.0 2043414
1000.0 2044414
1000.0 2045414
1000.0 2046414
1000.0 2047414
1000.0 2048414
1000.0 2049414
1000.0 2050414
1000.0 2051414
1000.0 2052360
100.0 2053360
100.0 2054360
100.0 2055335
1000.0 2056335
1000.0 2057335
1000.0 2058335
1000.0 2059335
1000.0 2060335
1000.0 2061335
1000.0 2062335
1000.0 2063335
1000.0 2064335
1000.0 2065335
1000.0 2066335
1000.0 2067335
1000.0 2068335
1000.0 2069335
1000.0 2070335
1000.0 2071335
1000.0 2071978
100.0 2072978
100.0 2073978
100.0 2074978
100.0 2075978
100.0 2076978
100.0 2077978
100.0 2078978
100.0 2079978
100.0 2080978
100.0 2081978
100.0 2082978
100.0 2083978
100.0 2084978
100.0 2085978
100.0 2086329
1000.0 2087329
1000.0 2088329
1000.0 2089329
1000.0 2090329
1000.0 2091329
1000.0 2091909
100.0 2092909
100.0 2093122
1000.0 2094122
1000.0 2095122
1000.0 2095520
100.0 2096451
1000.0 2097451
1000.0 2098451
1000.0 2099451
1000.0 2100451
1000.0 2101451
1000.0 2102451
1000.0 2103360
100.0 2104360
100.0 2105360
100.0 2106360
100.0 2107360
100.0 2108360
100.0 2108629
1000.0 2109629
1000.0 2110629
1000.0 2111629
1000.0 2112629
1000.0 2113629
1000.0 2114629
1000.0 2115629
1000.0 2116629
1000.0 2117629
1000.0 2118629
1000.0 2119629
1000.0 2120629
1000.0 2121629
1000.0 2122629
1000.0 2123629
1000.0 2124629
1000.0 2125629
1000.0 2126629
1000.0 2127629
1000.0 2128629
1000.0 2129629
1000.0 2130629
1000.0 2131629
1000.0 2132629
1000.0 2133629
1000.0 2134629
1000.0 2135629
1000.0 2136629
1000.0 2137629
1000.0 2138629
1000.0 2139629
1000.0 2140629
1000.0 2141629
1000.0 2142629
1000.0 2143629
1000.0 2144629
1000.0 2145629
1000.0 2146629
1000.0 2147629
1000.0 2148629
1000.0 2149629
1000.0 2150629
1000.0 2151127
