19	2
0	4
1	8
2	16
1	20
1	26
1	32
1	35
1	40
0	44
5	66
6	83
18	142
23	196
21	232
40	298
47	358
49	418
122	538
137	658
424	952
283	1096
302	1240
616	1510
169	1570
65	1594
347	1725
173	1784
51	1799
104	1835
103	1866
82	1890
35	1902
265	1986
96	2016
88	2040
128	2076
401	2190
238	2250
244	2310
52	2320
21	2322
166	2360
45	2368
142	2400
36	2406
74	2421
361	2506
201	2551
198	2596
366	2676
377	2756
756	2906
774	3056
1029	3236
488	3316
482	3396
689	3506
401	3566
388	3626
581	3710
267	3746
309	3788
288	3830
694	3926
361	3974
363	4022
470	4086
261	4118
266	4150
608	4230
655	4310
93	4318
362	4362
67	4370
809	4465
151	4479
647	4551
577	4611
294	4641
1227	4767
325	4797
94	4807
132	4821
433	4863
242	4884
587	4940
180	4954
71	4961
40	4965
177	4983
221	5001
1184	5115
229	5133
230	5151
83	5159
825	5239
891	5319
86	5327
705	5389
163	5399
1104	5495
691	5551
192	5563
2861	5805
323	5832
318	5859
489	5895
1896	6047
1956	6199
740	6252
986	6324
2473	6510
2510	6696
497	6732
1022	6800
673	6842
1527	6942
736	6986
735	7030
741	7074
193	7080
196	7086
1195	7168
744	7218
534	7254
835	7302
599	7334
243	7350
2550	7506
2557	7662
2025	7782
771	7822
1100	7882
961	7942
3068	8122
3786	8332
3224	8502
613	8536
287	8552
421	8566
425	8580
2716	8720
2597	8860
3257	9020
6105	9310
813	9339
84	9343
961	9379
595	9397
824	9424
793	9451
125	9457
3372	9607
1516	9667
1275	9727
2172	9817
1936	9907
3552	10057
952	10087
792	10123
402	10141
134	10147
1923	10221
1947	10295
1952	10369
889	10395
1496	10447
1491	10499
1506	10551
908	10577
2102	10655
2190	10733
603	10759
419	10777
1149	10813
409	10816
684	10831
1014	10861
697	10891
3322	11019
1240	11057
1045	11087
708	11117
3341	11243
1078	11273
602	11283
2026	11353
2388	11437
2412	11521
2436	11605
345	11619
729	11633
1751	11689
1762	11745
1083	11773
1082	11801
1734	11871
9254	12221
2908	12317
11329	12730
2181	12793
3838	12919
3888	13045
8889	13351
9121	13657
2425	13723
6964	13949
2502	14015
3838	14125
9624	14425
4257	14545
2773	14615
2133	14663
5425	14816
1822	14852
1822	14888
1812	14924
2191	14972
1087	14984
1181	14999
464	15014
927	15044
1649	15074
1498	15099
882	15104
1962	15144
1037	15154
469	15169
2245	15218
1385	15239
1395	15260
1020	15269
3273	15350
1312	15368
573	15386
1508	15410
1505	15434
1273	15474
2021	15514
1396	15534
2586	15590
1547	15614
3192	15689
958	15695
1484	15717
2030	15756
1857	15812
2601	15868
1566	15892
780	15916
1565	15940
2169	15982
1568	16006
3229	16078
3249	16150
2499	16222
630	16240
5157	16366
2053	16402
1832	16432
7406	16642
3289	16712
3294	16782
1183	16792
1604	16837
4968	16972
2875	17026
3298	17090
3291	17154
5459	17274
1160	17304
121	17307
1573	17325
1572	17343
699	17361
697	17379
4365	17469
3639	17539
5826	17664
2299	17699
4604	17793
1097	17797
1176	17803
240	17809
1176	17815
3371	17877
2143	17907
1902	17931
1183	17937
2299	17971
1342	17981
4482	18070
3894	18143
1967	18168
5210	18293
2985	18343
3014	18393
3004	18443
1777	18463
3407	18523
3382	18583
2958	18631
1979	18679
999	18703
1990	18727
2489	18763
6209	18889
11407	19162
8005	19351
895	19372
2540	19407
1918	19427
1497	19437
4886	19527
1534	19563
4616	19671
5730	19779
3164	19827
3694	19887
1881	19905
1898	19923
1368	19929
1606	19966
2328	19994
1221	20022
528	20034
7170	20172
2178	20196
4682	20277
6227	20392
3635	20448
3640	20504
3773	20588
7627	20732
7703	20876
2620	20908
3001	20948
2085	20968
5507	21063
1889	21078
2015	21096
1328	21099
1326	21102
1108	21126
3404	21174
3411	21222
420	21231
1619	21240
3699	21294
2507	21348
4277	21414
2347	21438
2347	21462
2069	21480
2660	21510
5973	21611
5056	21692
3854	21773
579	21785
2400	21809
4435	21902
1151	21926
6017	22025
2726	22055
2249	22075
3214	22115
1166	22139
3033	22175
5650	22265
3492	22310
4387	22373
2189	22391
2385	22413
1505	22417
1558	22422
2529	22447
497	22457
7783	22589
4309	22649
2812	22679
15790	22969
4676	23035
1856	23045
1553	23049
3071	23083
2160	23099
5595	23183
4264	23267
2447	23315
5179	23390
3851	23465
5192	23540
2139	23555
4620	23645
3235	23681
3243	23717
8345	23851
3924	23899
1258	23923
2027	23935
5787	24019
8049	24145
3655	24187
3650	24229
9272	24376
7059	24480
7094	24584
1404	24610
2906	24636
8574	24766
2340	24781
1798	24786
2774	24809
2343	24824
12511	25024
5156	25089
4063	25134
2671	25182
2013	25218
5101	25281
4080	25326
2423	25341
3344	25401
3833	25441
3408	25473
5836	25548
5947	25623
9729	25767
1356	25791
7121	25889
5500	25987
7574	26092
6291	26173
4599	26254
9413	26389
2574	26404
4587	26454
2285	26464
4607	26514
2880	26534
2892	26554
2308	26564
350	26570
703	26582
3126	26606
3122	26630
1397	26654
2491	26666
5303	26726
1187	26746
241	26750
5980	26822
10091	26961
2488	26972
2478	26983
1959	26985
2309	26993
3301	27017
988	27033
2583	27045
3618	27075
3601	27105
3279	27129
4077	27165
5300	27221
5197	27277
2855	27293
2841	27309
6263	27381
1463	27405
5570	27465
2824	27480
2826	27495
917	27510
3755	27540
9198	27660
21498	27977
6843	28054
6779	28131
9006	28243
9064	28355
4835	28397
3625	28453
5803	28509
5671	28596
3527	28650
2606	28690
5518	28740
3312	28790
5514	28840
14042	29018
14334	29196
14471	29374
15055	29558
6412	29616
10427	29732
6580	29792
4179	29852
425	29858
11031	29981
3546	29996
12724	30142
3962	30162
3955	30182
1432	30202
5062	30237
366	30242
2911	30282
8321	30362
4002	30382
2850	30386
9216	30478
1298	30496
3880	30514
6089	30562
3171	30570
3189	30578
2303	30610
3513	30622
5501	30658
684	30667
2984	30672
3354	30682
4988	30714
5004	30746
8035	30818
7174	30878
2736	30914
5378	30950
5869	30992
3423	31002
3274	31010
616	31018
3129	31024
11850	31145
10290	31244
14634	31398
6325	31444
6464	31492
6553	31540
3113	31580
5900	31620
4515	31678
13392	31814
12235	31934
37976	32376
27586	32683
4200	32697
5308	32725
5313	32753
3727	32761
3689	32807
5663	32839
5663	32871
5673	32903
8578	32971
8608	33039
13538	33167
12901	33287
8060	33347
10104	33431
4212	33443
7136	33491
4704	33509
4222	33521
5614	33550
3903	33558
5238	33622
8473	33686
5273	33750
5902	33782
2982	33818
1662	33838
11559	33938
8261	33998
6298	34034
3825	34040
4360	34052
2250	34079
512	34085
5332	34109
6433	34146
4685	34162
8358	34222
4368	34234
9342	34306
12188	34411
6336	34446
2347	34474
5427	34498
4038	34546
5979	34576
7983	34630
767	34639
4041	34646
9346	34716
4646	34730
7014	34772
1025	34784
7517	34832
6076	34904
5786	34931
4268	34940
4518	34952
1361	34968
9615	35040
6151	35112
14478	35240
7671	35288
10463	35368
7364	35412
4613	35424
5815	35450
4100	35456
4100	35462
4100	35468
3763	35470
8738	35571
12404	35673
6381	35705
4044	35710
14101	35872
2358	35899
1316	35914
4953	35929
3910	35932
1586	35950
4699	35962
4350	35970
13780	36086
8584	36142
5808	36166
9360	36230
14988	36358
14426	36478
5048	36493
6384	36523
6391	36553
4611	36563
3664	36604
7405	36645
5525	36665
4458	36673
6954	36709
6961	36745
18222	36905
16637	37049
12856	37193
8206	37241
5359	37301
9364	37361
23543	37577
12663	37673
6181	37697
4386	37701
374	37705
19941	37881
6594	37909
4782	37917
8043	37961
6239	37985
6236	38009
4602	38015
4510	38020
467	38025
4602	38031
4209	38077
565	38083
4614	38089
27949	38349
13735	38453
13748	38557
13806	38661
20060	38831
7450	38866
5215	38877
4738	38883
4769	38889
4467	38892
1975	38913
10537	38981
6398	39049
5712	39065
12068	39149
8718	39197
8727	39245
8724	39293
13448	39391
8839	39440
4635	39489
14870	39601
5771	39617
5764	39633
6348	39655
6352	39677
5022	39685
5024	39693
4641	39697
4647	39701
5022	39709
5401	39721
5117	39730
5686	39745
1440	39760
8541	39805
5696	39820
1450	39835
5705	39850
4848	39856
8283	39898
8673	39944
8685	39990
6975	40018
7024	40046
1358	40060
4898	40066
6612	40090
5181	40099
5194	40108
5185	40117
590	40123
4902	40129
590	40135
7787	40171
6650	40195
8960	40243
5900	40259
6691	40283
16064	40403
10260	40463
6773	40487
5198	40495
793	40503
6859	40528
15463	40641
4953	40646
4957	40651
5938	40666
5935	40681
8962	40771
14417	40871
10410	40931
8079	40967
3575	41003
4763	41051
14079	41147
9330	41195
12875	41279
8342	41363
10153	41419
7781	41451
22480	41631
10926	41740
4539	41785
10033	41839
32709	42163
5944	42175
6092	42235
7777	42265
7814	42295
7807	42325
10846	42385
6008	42397
14934	42496
7892	42573
12655	42650
5971	42661
1139	42672
10177	42771
16159	42881
11365	42991
8845	43029
34181	43309
5409	43313
11265	43373
5847	43381
5853	43389
5874	43397
5935	43405
4048	43443
648	43449
8871	43485
10857	43539
10851	43593
6440	43653
3857	43689
8991	43725
3849	43761
651	43767
21855	43920
22242	44073
25811	44259
992	44268
24198	44435
12549	44500
8657	44530
25335	44710
12082	44770
12421	44834
7173	44898
12724	44962
9023	44994
8988	45026
9041	45058
6441	45066
8396	45092
7192	45157
7347	45172
7281	45187
7846	45208
14425	45290
10216	45332
28797	45542
15037	45626
21609	45770
10994	45818
9293	45850
26756	46088
9289	46170
7176	46234
14979	46314
11614	46364
16124	46454
7945	46472
2039	46490
7768	46506
39732	46802
15500	46882
3719	46914
9987	46947
1748	46962
7958	46977
16498	47061
730	47067
8293	47085
4220	47121
1410	47133
9734	47163
9743	47193
10976	47233
942	47241
16021	47325
16763	47413
9601	47441
12849	47497
11398	47540
8247	47610
14588	47680
8330	47750
14728	47820
16263	47904
4276	47940
10582	47976
4230	48012
20539	48132
8351	48148
8362	48164
8451	48180
42564	48480
31784	48687
15785	48762
10029	48789
3276	48816
12509	48864
9093	48884
8629	48900
1442	48912
15539	48984
15637	49056
14098	49116
16740	49196
16615	49276
19284	49376
19202	49476
4862	49516
32026	49712
24308	49908
1493	49920
7959	49926
8279	49932
21037	50040
24186	50172
8010	50178
3421	50205
6389	50256
3388	50283
756	50289
8220	50295
8080	50298
7865	50301
13919	50349
8950	50361
4562	50397
21247	50508
18400	50595
9393	50610
1901	50625
8905	50637
10552	50661
3091	50685
395	50688
8741	50697
8359	50703
2823	50725
1033	50733
12893	50773
13420	50813
8919	50823
1059	50831
9712	50847
2098	50863
21567	50971
21345	51079
9953	51097
12895	51136
14137	51184
10089	51202
10463	51220
11802	51248
10211	51266
6888	51317
17339	51389
16935	51461
17005	51533
7229	51587
7241	51641
22255	51749
22398	51857
7329	51911
16266	51974
10576	51995
3217	52019
16344	52083
16591	52147
13200	52187
8432	52192
6116	52237
10178	52255
10172	52273
10176	52291
1229	52300
2291	52317
11854	52347
11859	52377
11307	52403
9420	52415
11052	52439
9942	52455
12128	52487
12186	52519
8922	52527
10552	52547
16347	52607
11401	52631
11237	52655
11198	52679
6599	52727
10651	52747
13422	52787
24078	52899
23618	53011
35338	53211
15683	53267
42724	53523
59569	53895
12487	53925
41283	54165
14996	54213
32679	54389
12956	54421
12955	54453
38913	54669
23222	54833
18861	54905
30966	55061
9646	55067
13453	55100
22854	55199
22916	55298
23628	55397
20018	55529
35679	55705
45810	55945
83781	56425
75885	56905
57738	57268
45370	57493
47433	57718
19172	57763
40263	58003
38886	58243
23554	58323
15369	58353
4833	58383
17515	58491
24249	58575
2277	58589
12925	58603
15760	58635